9418145
17404772
17194490
459881
31231
2594251
729380
16131077
10290243
6277757
18498576
334818
2251777
20885104
885744
25946120
20826659
15566
205194
26255
29997
73966
91700
64105
6693775
96977
618164
821535
3302568
5263374
6577773
85958
59887
9519678
76523
12534
11468029
112628
12244575
13026408
10822858
8146
6918862
8428139
3645169
968902
388698
724834
109514
8642679
17483
557188
70032
20564828
13501633
13588138
550571
16243959
18135393
6294549
97018
1323758
22719550
7783191
23252517
22074622
11093329
287576
432556
994809
17701
504420
50251
191113
6076380
6251471
102313
26603
7140583
31354
24441
3040241
379316
288159
8558020
661318
11919198
44230
126512
906560
232102
327775
12308723
297842
54499
6503156
7793496
10706120
563795
10423421
