5883777
2721318
15803059
13611052
38109678
42486
84049
5603651
7979
820956
13993
6619499
2142
19400
164721
61986
5972040
13574586
107669
13565914
110871
15847757
13232499
1328721
17343998
12317217
25002110
298663
893136
50323
56466
687278
768192
86643
6856867
9758765
22478
328787
10444
13645358
20561643
1285704
23398894
36697343
197923
8935153
6773432
100485
6976667
13503247
214441
20316309
22151696
174948
88043
294442
23009402
3222979
3838932
48858
311034
1078784
85679
18877
16030817
18052871
6131164
29421058
34548
3114666
23340
2040424
259912
6884938
12880
6275997
21457935
20894732
20819685
400
6413788
92559
59813
3975186
786256
3870943
673498
23875
32626
13152282
29034
33722
771287
100237
450553
13226173
1280960
15733851
35090
77161
