7291741
23698133
5701537
24394424
7060022
24885561
21039945
574128
17227576
9751673
27684237
883235
554486
35368
13101981
22606388
17451921
1142769
6511
31111142
18376
277017
18692964
11719111
13542560
25350996
6284614
39246
173502
6262231
27827203
31685676
248584
36555
7026059
33801048
137800
1170085
18509604
10640275
883075
749620
3109941
828107
24874303
30813401
16136934
15818029
1012316
22107256
13570051
6810626
4697688
35516840
23252411
13480960
4469788
30145666
30005596
20419336
7046926
452177
36319266
153163
35430702
30320053
33555224
22725347
34838660
61770
6939180
17890697
29749098
1591970
246231
5146083
31554413
36990135
24806268
884455
1793889
165405
176333
856923
287655
271457
420416
491199
114137
2010530
285105
252896
3004101
413618
69948
98401
875108
1481854
2287812
1319185
