166177
970683
1830583
5083093
30557
4994116
81992
9368468
271296
4747468
7500798
257243
238479
563659
564858
10001576
588343
3240083
1658696
668608
734199
3794805
23701
127454
7100301
134361
7203690
122981
7012297
9470309
8335119
2873007
112801
10833874
3339159
2444135
4830517
7879322
7180766
6368189
10426130
181300
761218
6973574
7670714
12624498
21266
13173379
2529491
6422595
2889031
1215918
6411025
743941
2972344
7967532
197315
872302
1858968
260578
14290722
796809
13335689
16363
88321
1739855
359806
8493839
13176565
62992
2613299
14760825
952515
1890017
13487626
493005
294465
374671
106041
15808602
15815333
16090627
453407
289728
101483
279679
1175894
18416
2195449
10762984
862025
452268
16101054
8912863
1141544
733007
2855751
169775
20758794
17078006
