22750155
17702297
23822838
25806563
25751129
8627191
26848202
768427
26078816
26827480
26623380
26127512
25895669
1141442
26630818
27157217
26711723
22929578
15764039
27204884
26524273
25590943
26879331
16283548
26193108
19469001
27226128
25846984
18137087
27153413
27251031
26235279
22064780
6962314
27241996
74854
1658360
23398649
25413486
27161858
21770750
25362312
24572226
24156733
27113172
6871095
25266942
27424051
23598379
26153423
29488
810293
261054
21792941
177406
25873191
26571336
17788681
26831034
27776020
27825921
25539647
21946881
26159279
27395766
17613090
27508183
27478333
27804223
20726924
475245
26805129
12510755
38990
27427293
274668
27878837
65070
25832342
12933151
28046407
27415324
27972343
27476201
11503
19988150
27391993
22467610
25489185
211264
26063380
27783505
11804413
28086362
27871678
10695150
16288214
28156269
6164186
25662070
