4652415
7327301
9893701
232937
2189360
8467071
2130908
732141
2842796
266668
11955138
498744
8509402
6339619
11434279
6436361
6970490
4031386
21804
12417147
8703197
230853
12010541
153612
595304
11557282
877229
1003267
8875715
6640337
3525895
601219
52228
7157612
7783949
12315661
300889
12789642
766478
7058894
126059
186369
10778265
65149
7242856
8696975
116413
4972618
29015
60498
11065348
372862
11495264
2229030
9453846
569618
13025493
119062
10453085
6887847
12445194
688764
11359137
2706866
7799012
11799123
199707
7081
15617
13132472
8970807
469208
6049168
191943
1626062
2111634
65955
7963208
479594
176494
10929475
763766
891983
13246033
55320
7428282
180739
624744
11021753
10565237
282616
6089860
13037406
4172194
147590
244976
9864637
6905798
10368531
10372526
