248470
2978
11381643
17020
63720
29396
8253920
8909152
86560
17455585
228296
539387
43944
5196
3392089
62032
6001011
1675216
81959
15729539
6596
1388813
26252859
6217
30244
9998
4570679
43877
227865
102030
262430
4516
7243142
17407748
103159
460635
18930938
25437891
2921082
15711341
53926
11367726
11306
341879
6368610
1255781
6421588
6218281
10766509
672948
331256
6715394
715791
24536832
88389
711901
1268479
214614
22544764
18754855
672875
6934395
18149927
48002
2029177
16130549
7800188
41667
8709524
143534
12680907
175983
5130
8680
7913305
6582637
5809
360
25111004
7094569
9838
6905534
51504
15739018
545951
1297123
83763
10165727
5306
18943
104189
144800
18136407
13624688
67931
27774758
4978
13538873
2679633
5632446
