827358
11569419
1189454
1251778
6202661
13513092
169354
780889
1611657
8547530
13091829
490138
16029994
10134852
419562
16222687
8573642
823045
17735785
23404
17978961
17167230
762211
20831142
20488568
20320531
8325092
17833834
886066
4590486
19397283
16075935
193408
124854
22152589
6614886
18339630
23261332
18079728
23437291
71456
20451634
143728
18463
20808520
13409664
29099795
15842439
1556093
20530917
21851572
21251323
19174917
278261
1087075
5127683
828483
766955
840610
58854
832225
5187
23912
21721
351501
58335
47693
8437913
47570
6287072
5957313
6782412
491578
6149219
8853482
11023944
33725
317504
8177852
201111
7094599
5569027
1912546
7823797
10814693
7737902
13122090
67243
9403947
462981
664947
295184
3407703
774829
74821
202087
9471031
8724779
7101705
5739512
