75534
10775714
142884
7799991
6285955
590324
342994
92576
1020674
63109
1482396
420849
12002819
142459
2823
985519
80449
3290542
15774082
17602565
348537
207984
10803806
3821917
14290023
184761
513176
6785316
22007986
130514
401876
37347
23567293
30561
5886412
15817326
18104566
7432752
13330943
23019029
2905845
22609358
34459
69094
948213
146064
2313623
105648
141453
6449551
2833018
1205209
13210
11656
7772
161361
809653
840278
121622
8069816
13130
93052
10268484
10779168
143513
181259
10798398
590325
2879805
328091
168846
146127
73687
7438179
13099652
293457
165395
16718816
15725700
23380999
7942786
7745326
7093555
410
72579
52663
46908
128571
478657
214771
21832
21837
71682
1348468
2194051
11313
77391
15044
56454
332071
