9311559
11526739
10095135
1764154
242654
1178136
10660836
283508
13415069
674495
190556
2412176
8248617
14828027
146219
412286
202018
59748
6043104
6610562
3472342
1311355
12430573
9452338
10113312
8540960
313267
14945048
1129616
6148816
37623
7245795
15767855
111044
697409
2249571
138680
187315
6120349
5220293
131624
114006
13629912
13563869
9712341
11835768
10098640
10957730
590962
7221800
2618807
351037
15846228
15995246
13085293
3156245
8726694
16695
5931169
15180457
13044955
15852992
486319
378519
12393316
674640
15735460
1099620
12213159
384217
1761266
203265
6962221
12965959
1625089
25418
13224631
16036611
16210411
11530656
1129432
169872
10257535
6961997
3460863
8311265
13404803
8639887
953401
6359599
93375
12664225
365047
1052648
2002763
40261
6369113
73080
1151805
13722924
