769712
6727758
1990166
9470133
811191
11813660
37340
7089950
12391660
971424
724683
17701652
875931
2371356
21312846
17260056
17670917
158615
505639
19516420
2197188
8025911
18397271
231916
19297695
1837699
15771992
9269877
12720979
8731979
18138983
8436953
16687549
11699055
24576840
13413589
10574
24401498
19065214
17904607
3483459
18629238
396606
22059778
3213892
6076459
12868850
13549535
18490383
22480
493311
1093699
18165852
23015911
20613605
25580033
66508
18053786
11604911
6093018
25361488
26237535
21942340
26175543
247329
25758720
12710231
32117577
215575
25734248
20500616
15863145
25525628
30198685
29654091
372561
27629481
19254352
28585225
13498874
341723
116597
57457
976112
19475852
23385853
22822932
19015680
35268661
10802241
35265200
13247961
1948897
438068
231631
25651273
255369
2626492
34677679
11094094
