27158835
23012
336409
142023
72910
4618801
10465086
6680069
7735325
43915
9273616
7952502
16301414
12083233
31503
13413777
11737311
133499
16159870
113002
1699586
2152663
192722
1123549
30112
88634
69759
963274
137443
7519472
658
146274
178788
9648101
133454
5977669
18878
126675
12410324
24965
59836
67141
13505670
13617556
17831617
20170296
19582934
15801287
97782
857920
78887
3378137
30332
16235
19795
4070095
8274537
109523
3831023
5697
7719640
52362
8315340
19793
4881647
54016
479356
18687611
33509076
22917
11851783
118469
1069576
33811
48323
994204
1337751
49353
16366
11041
6503718
1858013
104088
96884
493566
7875439
420496
10594929
6433344
12847
10437680
16102880
17316075
17368120
27528
1432370
7468160
17347384
603515
493124
