41958
2102300
175828
9526
13325079
5055
50695
6340016
32430
60483
550844
807968
4447991
24963
550165
1724365
10822
6359133
2841694
2073686
93007
7911
649361
294042
37451
74043
18728
2305862
28369
16182
640029
10954979
8350864
146108
45234
21400356
961831
34524
16319
24156
458313
15046
264587
7857713
862108
10174795
494320
12031532
609870
11746102
17570751
16241200
12882349
19301797
16115
129223
233904
3157877
22193
563457
628283
73954
2062048
238126
12389310
252999
13365532
11506205
19501672
1034185
110396
534289
16111
2464531
747746
821003
129117
2182
236814
25739
7780
92373
18249280
13226246
629429
109830
688976
22192
36317
667416
233044
6070065
3112824
42960
10551253
4789801
289813
104344
3181564
24384
