22609024
27863078
71182
84036
352380
24940151
69887
3597767
22917641
5497778
20426917
923693
26008758
820665
7519379
23122464
8045789
23847976
20939738
31930901
28446327
3099875
22394005
24921954
34838422
31701675
18586584
38469
33371681
34112512
35642291
1367916
6652199
16065950
6449208
6653090
5491797
59186
18879947
25970680
17281547
15843083
6488057
30372977
34210334
2198274
1522575
8264783
19297566
16154395
930693
16041712
30633208
11786836
73945
35269924
7044549
10471419
34234639
16071764
287737
12359421
29203556
19561922
1789775
12753882
11986492
25591735
9428981
22841629
18949637
19548610
10886612
3326542
28220660
4679892
28355463
35887236
17728877
9132179
1758929
2559891
24932397
28695007
16247648
25736973
28789711
6781646
18209368
359855
16122057
18365684
24683749
7455
2273845
11223480
871223
13577622
1266344
130002
