207864
59721
309335
721227
162900
1869622
2824517
902555
875643
2422554
1223238
846355
387595
1007334
97715
2502336
1457464
430450
157526
121581
3505944
345919
96263
59889
64397
385530
536790
64881
1002498
336025
1449897
8675
73189
545935
6440814
949410
549455
24152
907432
12528
33453
50902
570758
209222
2056877
1416653
395006
51684
800282
80521
1741793
223556
5512
3275890
907668
5985337
1893174
395397
1460626
1385692
839499
96979
84586
43334
827902
34295
1272809
60975
474195
77092
271265
2250457
483646
6679309
708921
28825
7264409
175249
2974889
239546
1918158
754587
108924
1091800
107943
7181792
522421
5666555
1008856
85310
4542235
74034
9123956
6121380
6989670
798148
1063599
57732
81051
6924458
