106807
359786
11448421
343192
9893355
368124
1806144
362591
1879966
109387
537116
1931593
6066819
87424
99757
6041626
286130
12814594
13155343
20451857
6508077
3395770
1868421
13382965
12951824
9031808
11508357
95914
1657361
641936
14622971
2065828
31785
50461
10627210
17414621
16382146
7163871
8664814
7666723
532608
11508183
6790927
14686
205650
7351985
13022577
824728
17622147
13488738
17676690
1927997
11048703
3212848
12025117
12885741
17729757
1946
16152797
539436
5292764
15982604
288088
16140467
13299748
9666444
6734445
10835994
16173781
17823473
6605685
2549
1557354
6716452
7799139
13629892
15778636
18088413
720533
7887877
1604464
15770551
13828409
16171291
6850317
925283
15713419
16248264
96965
266485
301141
12991060
17932619
18039219
15287893
15730656
817377
460645
1907716
8457961
