23521853
25307
873903
33837985
6502958
30370366
10252302
15706534
36631551
541439
13022238
27213253
26807530
23309607
25877052
36070934
35498621
26154196
28204534
22916766
6913278
18774897
33230889
34389270
18280791
31209153
76548
18428659
33178384
25975406
24187925
8385968
8513691
91499
35150206
6301084
27917957
13641972
50852
16169527
117365
23513381
823763
24476986
29587499
25365530
3950400
32855718
34964971
182136
6177065
23506159
29424910
30810571
18270440
35852352
11295616
15797397
2495127
8514980
9780389
35910105
26089799
33959408
23590329
9446185
18905693
7284788
25622782
34917666
36559425
21945526
33040829
25025844
19192437
23489373
35629654
25311520
17378725
1057293
445024
332754
333766
2624112
222127
218181
99951
3230480
1518737
1235056
250524
1336275
1014069
220680
1115772
40287
1496002
2564295
3252262
659002
