4029720
25222064
28419695
25313804
9349441
9523822
23882129
22753975
22366806
50015
13325282
15709854
124155
23689723
22455778
20337017
12341309
833423
23245369
17290682
860533
16014216
26812769
16120725
26619069
22399098
25443389
25619751
20562717
19604113
6558237
17930465
17333244
12018504
27384662
4101307
27111724
20795069
13346437
3021568
297841
1474628
23271308
333090
23614512
18270938
28263880
2524364
7827755
13104064
14759570
10914555
28699335
9902586
29376730
15994620
17623200
185912
18743272
17333325
27302332
17302988
13055971
23549564
968997
1071035
28923193
2074975
17258839
13600168
19226441
16117925
23394866
827970
1181790
18656031
28754076
24892774
160374
13085801
29452847
13623846
449189
18883652
22209849
27841791
10284337
617373
1480211
7082159
26511
18166616
14781219
17796863
9649333
2445973
29560345
9858081
22977097
8667729
