20660316
22005857
5355752
21448488
758679
6783729
6356703
3242413
473313
6513184
13502758
18108542
13151283
21474459
20601842
18375106
15785020
9292711
10053157
242530
108540
18525702
1120193
18274597
9612448
55436
17384199
13422656
5935144
1524513
20324353
20446802
6845880
8562693
146198
20650677
15850937
16124865
3291747
22590176
18660750
9639402
341336
35515
729404
1639713
17349273
683282
67375
4855
16009410
4307253
294951
34908
736395
12912519
21455492
23206865
540336
17727206
17838379
9623348
13593953
15994209
16035820
7264975
18453458
387849
11337599
5574571
215238
22737656
304485
20645098
23305693
20624955
21535756
11949576
5557651
6400480
2814633
62479
678371
30347
20431030
2398517
21481392
13551531
21363389
16001863
351384
9654364
23276168
18975644
19015729
970918
23612400
23128464
30929
570075
