355
25106
6017769
841628
104086
821000
11623
10757346
492490
16842
15745506
17081593
13223243
17796115
12792658
21520185
23263855
17331518
21446984
25400927
26407003
28960115
26114523
31328891
36600950
34898
8928799
6586512
12257347
17792558
1876770
8252
3992020
26125352
35648165
142776
444381
2021816
46456
22374
1189878
7827221
2544359
29380
6457081
6691
311864
1422252
7648269
6609581
12073
147801
3381
24796
7155027
17233800
199687
18080358
7748743
23304855
826706
5360
473623
65684
2473454
194755
24381738
23255198
76729
32769
2296567
5927462
13589152
19571104
16033902
16158596
551536
220970
10147914
8843801
18478222
18713259
25334922
38716109
721867
6159
590125
1291211
24818
10461
5092
8966
7933437
12393909
16062211
20257391
27272698
72995
393145
132336
