18079527
55018
368468
2389938
5369
6726595
50366
357636
13181901
7405450
13128
9266794
1735330
61
48468
1113545
6758331
7074000
8607205
13602426
13614836
15842007
791345
13419891
52873
152662
80536
63832
13810
114982
817199
296302
32257
30593
93124
8435445
7948945
12394068
5357
77298
10302
29187
21063
6323821
61539
11230081
10813480
2678
252938
24870
21727
10295484
12663646
248871
12291438
2199587
237231
239186
2475251
17907550
13241659
14276
133782
1225261
6551
6340471
53044
79429
19054212
11988046
17465453
50618
9500416
3974
261240
97863
691520
16429
36315
141824
3971237
23913
47619
13262797
18660447
145444
669780
22892633
94319
1367809
163919
76844
8492805
12842115
64218
1846
6261081
7562764
535856
106648
