2081954
974193
703356
23281789
11128691
23719270
25170761
16254443
36395095
2003370
24722065
22009560
21895837
33099588
18960816
17703212
35478658
32671298
7667524
1287727
17331408
19107177
4067620
15843166
984653
35852112
7289715
616830
1951436
36068301
18885800
15814555
19536001
31693618
33623215
27414462
27403373
17702993
17210363
15232990
22732374
6952408
902459
173794
17261185
28016509
12601167
22605270
4371304
35084084
6415386
26816090
17880304
605573
27840608
30123268
85373
416553
26156469
929827
50843
125496
622340
839811
97153
817221
669
678344
364662
304001
21788
348468
235875
2692615
272211
386336
397813
257915
1147591
185695
389715
34789
2171355
2254925
418884
1218856
179073
24899
502301
354475
92771
123969
487582
116982
58973
37240
3718091
1831214
128881
68597
