37527
27388497
6465693
12744030
6669354
22819788
22812284
10915176
6153623
293579
1383999
1097834
24931454
1142011
25994864
22609522
32858959
308181
315233
18008532
23805674
18375774
32811363
24453321
9598224
30065594
123691
28413171
333082
24382227
17783163
34038913
29555236
9378733
926257
15767265
15710197
28818490
6203295
16123315
29527119
18378827
10093996
68035
539511
7799454
28251250
267297
24728470
9421418
2141
72029
32712141
33516776
29233981
15848351
4389143
29342351
1926972
386411
33857557
22054905
30192405
28052452
2495567
31451267
34803468
28186434
7838258
27470470
23445651
18632895
15726202
25839111
27015399
8700616
9572776
59865
31202835
35067504
132274
25486998
1817564
616966
42955
15758139
10081805
18516238
29492747
34604392
24465380
21248706
274618
638595
27274387
16248164
16161037
12125412
33656332
28110143
