9942081
21535284
15704285
9928818
13455726
8102081
18072607
82899
13419386
15846008
7760895
145806
2411470
4734535
1071760
890904
44750
16131067
5088467
13547111
20483204
23354518
15772462
11262740
11793764
6457524
6790148
17700015
6615179
13449693
12000488
17177607
21539379
20669450
17465385
105022
861058
383018
23440900
682156
1763363
6744417
17909622
17571007
17183333
18404870
895491
20403589
18954125
23109855
16002123
24958049
10000269
10771667
3750342
23510487
22669219
15714677
11737081
8578533
9972511
13450545
44766
8554876
17124495
13605031
7187899
23381014
7414922
1941443
9918277
17788299
414655
18754561
13005310
17670636
10779491
7883494
18981
21469302
18110734
12011902
25170181
38419
15754100
23386683
18068907
18760176
24883337
7076074
23091618
436582
13630113
8588776
8433044
53200
7495652
19213759
540864
24580400
