22181716
19019010
3897739
12888602
20493695
243900
18456078
22174428
1424158
9533280
22011864
29629811
16134530
18659174
17228280
25636475
594139
1786806
28678675
15831621
2542652
818068
26117436
6480584
18619593
20787232
1257209
23266378
28929184
17832311
18133
24562703
13120951
23802119
17540725
827763
25836083
2751097
22555923
30233273
11144126
2278903
21265230
18709117
525929
11103746
29589014
30015623
22738649
5214
17563539
8596064
8213519
2813153
1397744
18305608
23346647
12678327
27483931
23430483
13611071
23757205
4553647
31322049
30798378
30558257
27827010
601303
32180812
17213967
17802766
29910761
19542831
32533899
15790878
17610287
14742503
1350666
7285601
25746478
24473763
610718
774929
4584
8694005
16001547
27827389
31361931
9408864
122649
22429484
31283058
6480774
8123400
25722620
29742151
45183
10336669
932478
24706448
