1831100
13579899
5624125
7389
13601922
663387
13604047
13112023
1630653
2467723
8100015
6037675
359823
6926832
12091089
5975891
156763
288803
8545134
19140
3955551
8434300
2145681
1636228
9667161
3255666
7737852
14533359
310026
13448881
16078616
12461366
7331942
580446
1139452
13408967
2019119
17061673
16207330
15802906
16157097
10962217
10664655
10650227
11064477
17562528
184786
765609
1067549
48124
15754577
15797028
53206
84022
17209291
6237982
8518669
15707018
16111209
11131963
17620918
16161536
16090876
3554621
17347895
4404736
750917
769080
6309380
8005597
12621987
7151337
60220
17282940
1516821
17193176
428368
53524
6065179
427248
17733475
126818
418740
132587
17840057
11161724
168568
1907154
7966861
17848362
16119160
967662
15707037
17377344
10616927
252474
17456010
13497718
726441
6957921
