586322
297551
49266
7879046
6391683
1339895
2915026
10179153
77141
666215
496131
3265363
226073
597895
179392
173403
10493208
3218719
9144892
23534
11483834
1166153
2110491
482021
84147
11277
10997
963680
365089
733809
219811
8729996
7943300
6329335
11898968
11978094
2119366
606039
160852
1527654
249024
133765
10443756
115375
313631
624641
69108
9995050
2275473
101949
558657
11921194
39624
972476
1032044
323230
824511
1692280
223428
11946687
92159
8069796
2882
93959
74007
6600231
9253201
7198722
1704159
7936809
76951
73929
1354254
69483
6469225
10793020
6452155
11567308
156990
11341517
12088007
13537184
9297264
128474
9467341
11319441
1201328
9222744
1258536
12841814
7742202
2714587
412285
47943
329175
9981618
7137202
87956
4998
6901236
