531197
318398
12794914
1417493
1163885
6664404
13484999
13484326
7090193
11933
149198
868
6554248
11661796
7851207
429553
13423536
13274090
13318128
6267708
852922
562795
7199829
13030113
47180
13423169
3231008
929500
6052017
944555
104677
9144969
11145697
10798003
13265443
297909
13554872
12271624
6422946
10044193
10326890
6676647
13421819
1269704
6678971
9701
6082973
592075
8802774
8579486
13447366
2931120
2034476
674213
6966227
13613274
7151711
169810
6172915
13423183
263173
501590
1278811
114281
7279151
12795646
6037263
11333985
9867109
144162
339215
807127
3431810
14745384
2160446
7453538
755301
201641
10381822
9740847
232577
1198717
14427023
6277227
8715499
9471730
1665898
15702297
380055
3564825
6340149
7519184
12322385
6124313
928798
9271896
6261122
349947
7490651
7444024
