685392
24131241
33301765
18656055
15803724
2218352
13562614
24765520
22754644
32862986
34455842
11375478
30213217
32673847
32972080
335061
33575281
6137505
13647545
117837
1095059
28787771
1616595
32813209
9646747
2883945
9369659
13557433
25278768
23592228
17466622
18391745
22443964
165422
35506630
27215567
17792118
34952988
28140749
29337220
19444003
6283596
16048211
13053752
22844202
651162
35555628
35119127
547943
32734992
6933
29364863
18754878
8593782
28700040
28938773
5801490
13674
6071912
23447013
2096417
24790901
36000833
440424
1436
33163378
34637518
22019701
6912491
7783103
38382
6332181
119537
15712020
964677
22940706
16128593
36174366
33020060
12690982
30047544
29213435
29496453
6083877
36052454
33957722
8627001
35915709
1056750
1353409
27037952
20322555
634757
36269215
25271044
22889766
22817281
9876511
15761211
20335171
