13424287
167845
10876598
10796226
51299
9296389
12574
2684654
4591230
6751356
13420948
76970
13108754
13554073
12796583
7092490
8478990
6469944
112943
149403
3121162
757196
96037
1453991
9723754
7091296
13618467
10430822
264892
86699
11423066
478744
81935
6052079
508957
12680575
283489
1048940
133486
637966
591965
2855
417807
138897
6620483
12063560
149622
54823
1721893
283101
9874973
6761053
6624899
1932042
59146
412287
6746528
12096557
1788325
7048818
1205982
8748031
3462392
12084655
443078
23289
6696420
10561549
77837
35545
233664
15740496
12971285
6627633
341242
6496815
13384
2185
97006
8589321
3534884
11527864
4776866
195155
4101648
287632
4685
8077593
4187533
92301
248378
477520
11091004
1132976
248884
13560388
1187526
11324152
1237013
11451112
