792859
13599050
16278318
1193177
30656713
26252659
15827137
22449285
25784766
19084101
6589461
11060744
25836072
17383125
30407811
11324331
826396
31214909
30736
25205331
23164819
25322556
9806064
15704141
27036528
15802572
23664726
23280232
29985060
18168527
11112894
24849026
31558768
27204692
11391373
208977
6371719
6656935
8239700
32141480
9900012
9496620
30742690
7081540
7312149
23493256
18078681
23705512
23399267
32498180
84004
17286863
18782124
18278783
1011291
736872
575838
9671412
837666
12875260
1103769
20764632
18
137081
67825
6124984
31362039
7881207
13152672
20697563
25772505
29416663
6885957
11344538
25372462
10772530
17736859
18747125
17902997
16559545
2710628
16181516
5405887
17621103
20416427
32506857
30533129
241476
30332310
1145529
28781531
70720
13584313
23510089
19863984
32860128
12292612
6276888
17332641
29379532
