99085
6905012
281235
15781026
118252
102305
133664
10567183
59780
46087
23221
3300
169718
17156015
89055
24817626
3609763
47957
6054449
2339
77156
608906
8647
7116709
16150831
682745
37847
465904
3223761
55403
13363270
10798418
142395
2917816
3206011
125956
226004
10874177
28434
41811
366524
310258
636802
18869970
298137
604803
17567
18657517
17899696
52350
30243
30271
9256414
142458
10104
28734
703
2051840
100933
5356711
13369678
161426
129617
6506307
7640705
44001
25
8951
25491
17880714
387749
93436
93405
17650
77448
1022657
263145
17927559
762476
8366402
3295695
18170039
234724
9865
6600137
77270
23587984
126381
7628
257149
12063467
397503
54492
541341
6690979
34440
78982
7981206
14316
5982448
