25648758
21894848
20758292
23544764
17232261
33002047
25718055
574102
7320458
30333711
33988205
30355737
20766595
28393434
30687916
11888804
10579671
11503995
20734002
17665096
317646
10478391
3759589
2529621
11017
163620
22440677
34219303
30119858
25666054
490774
35174762
2184895
983100
773689
177805
33648332
18378826
691209
27377347
26615962
759945
10515837
22533415
21899131
28693701
7844543
105711
828503
849203
29618899
63219
35438455
25786336
18680821
36383208
25903320
8050817
1725399
17226904
22718814
7041525
35503464
5051005
6885124
36287776
18661775
25709109
22017710
21491063
28397840
8993202
15776094
36307191
34454485
971670
588937
1087176
1022983
22321
2474116
259311
619873
260811
170505
982068
39980
917488
131793
218152
1850833
820619
6357392
1443066
419409
69559
420278
364223
5941
1035847
