2075441
24751261
752895
26865680
13564634
1771964
3199926
27269638
950153
23310156
7961831
21064108
843996
57947
19081762
1950540
18480329
26883866
89376
1017384
12186913
18689968
25735262
6303927
28004985
12279776
25242167
17889778
6066225
13403351
11553465
13495221
22050251
317024
13066851
81954
1804967
12287628
13483493
26099434
22609800
79514
22442081
300406
33299846
25755939
16143326
1111978
574100
31422889
30635036
122311
23602473
27672077
11016920
7017741
13096280
18375119
129847
8618410
522686
7136307
253
34855224
279221
23264731
6454728
228200
2297258
29863848
779889
761623
409918
28446947
29331368
2056209
146158
6111959
388962
6347392
114773
31248250
28052061
35285522
824729
34464710
847698
22393820
19163110
31921286
420427
11872402
20661079
22444186
36288171
24876081
1862543
20646696
16286048
29916072
