59661
885498
744982
2274750
45020
2191362
5068
1503411
178034
9640626
15770131
8086
148811
13130607
8922136
7959038
17969342
357298
2417663
1586116
5503201
23848452
46730
13572342
23008107
18809879
31204695
4443297
2702176
136538
12715291
386421
889071
22871
1054593
1904868
1227413
9922
11084072
6446097
4691109
1769130
16163857
971322
382076
4367026
10194637
880488
1124895
17742014
16142708
136763
1190782
2050551
655569
149709
15456
13507251
18753174
125257
123070
2692856
5503184
897363
9371418
60223
13241652
17410200
396511
24874211
225314
205621
108404
18828
3545049
1718295
1408288
106613
7811961
179101
7336903
1761943
7199219
178052
13034954
2823038
133668
922435
15466
21691391
18039963
15724232
18667948
15929522
17980131
581365
137491
689929
263004
3087804
