17299113
1688672
21066604
20706752
16130105
20759628
653043
420755
6681393
63699
24543876
13529208
21454658
23464432
24641431
15843041
13573576
18687522
20642360
6713700
17369312
13620540
17927412
1950545
9269044
22093774
510411
17408503
15954310
22583454
23269110
12804544
20307078
1014568
22594999
22924864
16053291
16168599
18078354
21945482
4937197
98836
7144495
23705985
374188
18073405
20685373
2116379
559899
1740577
243991
1293881
25335119
10785670
17331340
22737576
12896829
17925553
172490
11341362
9550301
12355524
8662827
16002758
22501028
15796701
16114807
13560655
10540365
8767940
23882
23199351
7864209
22044623
21885423
640892
46261
82814
19354678
24950568
60166
21782752
1527414
24699867
7670730
22618173
16108512
16126319
837316
7101838
922466
6642732
21805738
1310812
24516043
7005584
7632051
17978278
25468996
5739442
