39305
18627947
1056181
237050
2067876
1097526
106552
22035440
158262
266010
16089130
15852035
13358039
99126
8978195
18716296
22838105
15767827
458726
344189
103335
6290444
39398
16061295
11027794
8507881
510022
14375554
18366876
1580910
17609127
6283611
22857253
22320979
17334065
21106333
9649873
1098336
91482
12072189
23898881
20524917
2402
10189594
1222900
15528075
23769392
606926
23123029
6216385
19091253
17187773
15996738
10313480
25132460
24643781
626339
2808554
17926300
136066
22231870
282282
18490712
80113
15784593
20359781
26101989
29235330
539813
5950
13122690
1189251
12394565
90381
17661562
12378245
23203861
8145192
6334518
25658496
272436
26207
24460499
110828
3302306
1268784
24979
7881600
6449827
23521324
6100632
8071526
591820
12185165
15779584
25526307
11064208
16145593
27650036
19179
