20880597
28561468
1121159
10181760
10975195
32929177
371106
338329
13254289
8174612
130880
22363783
25776279
23929479
28280218
6795601
6065645
35513821
34119638
12793770
37642889
75416
73071
32097
794092
105550
2649154
3392571
6488746
668638
6256534
24849
76760
6330323
1129911
486913
22471
6957624
496638
478996
4192586
1022228
6116673
8201605
6968153
2258680
564498
7626278
6315242
850410
297866
825901
6811221
149348
407942
417524
757818
116278
1027342
12745307
1299908
1539150
12240399
27202
1147595
572084
40067
10422053
722251
1570989
45246
473067
1678479
743484
4175515
277631
169000
15718698
8531
16126838
535406
1394099
1178202
13409302
6294062
393091
11627681
17281226
266682
11487228
22162
883995
298924
116056
1635715
6659599
8167292
20758975
1638068
1214442
