4912
56842
6308379
6617928
328854
51113
304079
12753231
54984
18003300
1225621
113791
963839
8379374
6387565
5558786
16034235
30735
32075671
33569
5936
257845
5489684
10567
12287209
15861491
40445
2157243
15197
18331807
395090
2050
12274389
17448960
190507
6393631
13835
10800916
108229
23940
16064647
18334644
19532388
16007855
34510
32059592
11468377
12554628
16160314
18720887
114954
213647
5787
25105
58314
6584188
138398
13837
172732
261243
252499
16031620
28695
1362
400412
7157310
10584
106069
98687
23164983
13986
227941
16031258
10115
8709525
10372
6202318
87985
240976
10605
226709
51497
116257
14142
8535273
20567976
17560444
7214
65119
8683812
1237300
15992880
40158
47780
17722973
324277
17830559
39031
7592279
13450339
