30152
13708960
17383902
514592
93479
1839943
1158376
25777460
20630331
13044706
583921
20755771
12256500
10876366
10203
22007450
1174169
13581249
12349761
521164
2009083
21897801
18628913
22588093
539428
16116440
11277077
6805640
16137839
7654952
24551491
61910
25935158
13231290
23995368
7516948
10796353
25012366
1800288
17721
6615723
3296085
16101115
24585402
2208130
8476071
22673410
9462231
3213640
8731520
17914280
15364985
32849151
887294
17137808
1419665
1104664
765306
24220
21911707
64636
24695337
15793068
22529351
21817064
130877
267246
32711417
3639113
22794172
32150483
421645
6681830
86820
8700723
106212
5973767
6544382
118141
82860
564623
509048
325765
289646
126603
729553
415640
6381379
20249
36257
8542
8689913
137787
7788946
3040357
7497552
8162282
7668350
526187
7715816
