16077613
10870072
18868318
20645941
323289
22053329
15790999
825509
137559
2751556
22080137
16077006
20628154
22379356
23000667
12152785
22064025
1026797
23599934
2841932
60132
744033
15764113
5329489
351564
23587445
18136617
929590
9650871
20821386
15830776
17911985
12409097
18734971
6563334
17888093
11881398
18918552
127663
12294962
798615
12545520
17700448
145659
16050185
13405109
4295106
2994443
22020023
795722
19448790
13260802
16044747
1612640
189288
22055137
7607153
13393094
315234
17335634
13543188
15825602
9106142
7804666
6688087
995139
62659
3764716
22743249
6801753
17900545
46964
17253462
1567178
23847941
17972424
6606855
1208792
18114449
20663749
408862
13497839
18487500
13515046
98481
8294726
167604
13459749
20821043
19386296
967294
23296722
25518224
192214
6383472
17671913
47528
153165
3018470
3308527
