52609
96505
97084
7104
33484
5744578
471174
298537
3165719
593105
170529
605663
3105537
1380834
1393713
254660
6658659
532069
9069150
10711
5184603
406422
62558
5198
11106249
1739150
80738
13414323
13564820
131304
13643831
838130
9412215
13741511
10710392
15772095
15771424
186445
7779571
1816082
16093278
2642142
11924346
16003058
15743703
53948
3173125
13618136
54995
722035
226973
5036
43885
130730
13554131
544354
2877205
18088594
66677
12384984
18730951
8664957
8718952
19307225
2260391
15766776
20460436
20903622
21466317
12401627
18667307
297898
22524731
21894650
22324795
22091081
18811324
42988
23742469
20935107
18244599
119832
25027140
6684540
944334
23751692
7003779
25481803
25053346
25668970
13543633
11264999
28091259
26056175
46181
9735478
17657206
26642116
23308084
7039131
