6358804
6328500
16064853
6011074
1041302
2461506
1901277
15803344
15800754
15768664
8193432
6358817
6979147
6261212
434174
13358157
8705468
17943279
5997958
289732
1862692
16146217
11457776
13643131
913437
612395
45632
13508220
13380480
2789282
6606300
10319157
84137
6550253
7046493
38522
84149
18342363
2302536
885122
492812
755887
668479
10617074
6798321
1926814
484436
24872615
22798799
22798815
16247470
16247471
22360831
6673157
16085232
6673161
24867846
16085236
18505790
382980
2201788
16085241
16085248
16085263
16085253
16085254
16085256
16085260
16085243
16162635
16085246
17842782
18528638
8501708
200835
54881
18143974
7756979
10520617
4860405
13243154
22318477
79936
279647
22056739
18827943
23433237
19448063
22570789
20821087
18079817
18693616
17568753
18490831
18346811
18493146
16169867
17262187
17318621
17412773
