9662110
3820389
72662
639197
3457715
311840
9761978
3050342
8735254
818407
10164937
10166619
6410978
7092418
9969698
8924846
215402
186201
727281
238846
10046509
32445
3414188
7053051
8713130
2468062
611240
7885300
9514033
10360191
6669739
3674043
7254244
7068985
10415878
54247
10370260
9379496
7151447
8811892
10455446
1727464
8434922
999505
7094745
3005671
7135797
10334012
649939
10538422
8231406
1383168
351461
10386060
10707571
6012335
6375489
10468695
7267938
3090492
6696843
1118348
8862984
938105
9607950
10711520
10825304
4855175
9152282
6356887
326679
10928584
1414244
10097680
7100173
3127326
11038323
765763
2494306
10545846
8146302
10801893
11074322
11033155
10166746
10995431
12964250
6260741
6014608
10178918
10845991
11242609
6758423
8118871
11318613
1572241
112529
8143577
11186809
6434807
