31367949
33644223
28940574
32797060
879891
27071490
26597596
12367576
17308035
22929563
33876141
33385229
33871762
35295473
28919058
446279
807044
56077
22469
214888
5409442
6262518
683927
138558
3359010
5988458
347339
80492
7932
15100
588723
16743
459901
5269911
317293
819789
18419
271487
276967
6377319
3107
6566722
7776678
767326
205821
10639954
9722241
10869001
2416991
867356
7022
11717230
1569097
2942523
4696
865516
6309229
781653
7543231
8550813
12162274
7740772
10552088
555500
6851
403101
12923
7351574
7606431
4326206
6215991
11753084
13603792
13044650
11672438
96908
5444895
8485458
21278
3664164
158479
683406
1229089
15782604
24804
12814088
16075834
16114675
15980313
12444166
8339286
6465063
186668
17458478
11378659
71111
744224
7519179
860566
91253
