6078684
15773528
7469664
6430999
85812
329957
11808919
7821828
6382225
289798
12902549
18830
17564054
1387640
514210
17133354
18068029
14948
32951
4876759
16099325
17211803
142181
20409684
153479
404223
10886703
25437747
25189315
45732
25105196
27187955
32196033
27695
1058726
38256
831842
65482
6835
6291
293972
8429602
5945209
768496
8518644
6344832
8448478
2573331
3410425
11187203
92371
164542
7430203
332624
119390
36085
407154
4558004
32529
7148778
2681470
386043
56305
10890319
12486839
2316940
8526585
12678461
5896014
11192642
14811943
1063078
289785
289781
74586
15752594
13410938
90886
74169
5931576
6750
16075615
18135400
6240223
42661
393392
1076175
17572973
22819449
229491
16078220
23161447
7956
154091
159903
452141
1476261
494164
402009
293974
