26046350
2153792
9842470
1981112
81922
18847326
7953186
18971693
774174
5961399
25266010
26156203
3564377
23533039
19661852
2154456
13115538
3591032
12827311
12417343
7289702
16137205
21912276
21566797
22756742
2064572
20957276
26874911
33628293
281818
443518
6900824
25855506
22551747
1763630
33230173
190576
22013055
439065
18586621
26635970
23278537
33820514
20338342
2052978
19049000
11663719
26799006
12910067
135742
2898585
24954329
22494161
30342568
7040332
7200351
29366784
3338549
24813588
13531038
33514922
11029892
17340017
23282793
2028
34094311
26891268
17130393
924497
10433091
4579633
70562
109714
13164350
30810128
775366
18809
762743
947560
30212015
24938699
17910048
7907680
25563125
15790894
11388271
13394791
34391951
32478519
33199662
1252707
28055168
10459088
34009974
26544487
12012936
18362144
33608150
25837855
2995159
