84351
38568
76658
7766027
17912005
18624197
32702285
4005
12755792
19668
18210758
28859
7973
11887020
17158596
16054217
121927
4107256
13049981
25712564
60211
6909544
263050
244572
10009
9118135
11563110
23766623
920395
662597
7882
6609758
20911450
588234
73186
7119070
44796
7141642
1303
13839
20512062
22911
12125
8269450
6357708
10551947
8150317
8665876
37526
10507
89763
481749
48132
15745371
6578293
6538757
6330
6443834
28962906
112755
24408
6547188
10677277
142296
425377
9838977
16117506
1301625
273511
90192
45685
20617636
1100166
24687
8712343
17322045
62033
4373
34492
5664022
376561
104837
181087
17259690
15992895
61549
11466
92143
129621
17158532
2049993
498835
5517
80754
18079776
16033842
86658
117
3293821
13146214
