3430269
131843
2909379
194852
183652
6384009
359915
15834786
13618745
235141
4308335
1771089
15771212
3472480
338380
759514
798539
412095
2552942
485398
238662
254103
176802
6184028
15678219
862011
1352667
16222
4281399
296507
7419969
338069
15633168
10482973
20758961
8889681
18323375
206865
18513824
783513
62353
20813238
20648137
20898613
2924068
898764
18590125
17832724
20621114
25078
55019
5356476
438131
26067507
18336450
105299
6120387
511257
21685602
11495351
20890735
18046131
22402718
521129
18338141
2979885
2748996
17667512
215606
23354073
22011241
24486595
18394653
9661513
16171843
263059
701488
8904408
25448304
17303665
12710035
10848210
697355
289150
18940616
167425
15776297
19087579
6324914
13264510
7312632
109137
3312298
607706
26125281
658670
85353
18241347
22591301
8754849
