18121041
18752404
149197
689905
21058784
15750370
20256797
22038750
22051319
22671084
147039
18046624
81912
25076863
25173706
25359851
457228
24351809
24035804
13594805
31308524
34826332
30413038
35691591
37786729
1911
215540
196560
19675
40217
77395
9972090
9394156
7506363
551520
112879
16219585
17233806
8396337
17224751
16128338
46212
66933
23118840
24677549
20898019
24174818
337907
26114493
31926533
842578
33967732
9594
4904977
5877
1924322
23231
261604
33906
15743828
6681454
11393301
11872688
18224520
18337823
19055068
17825218
22845686
18293427
30283152
22238184
20345548
28524
6423085
1211904
16047
2440137
17174
92377
3788053
103035
12260599
668710
13645330
16075193
10742462
13574635
107406
96642
18640815
11512712
18108877
17675013
13606393
12374
20737633
21569527
25314522
8120173
2369
