6455256
6941324
2972472
11529182
692871
169875
7789265
103610
781132
364284
12864154
46180
11402993
9874196
5659537
4599
11792612
2244796
457841
6371720
14288454
9655178
384579
6419
3993839
12666682
8951449
6318413
11455154
953773
13524900
13097681
11205802
89313
527495
13153400
93180
6306854
12384681
16049402
27550
10718998
9748274
73906
11549777
5557442
2961481
5045718
18308787
1963638
15724908
17204984
18487180
18104749
6582080
18129599
21468450
12578294
18052136
18310201
7646410
16122643
30843
22847427
18105451
7097866
15808302
23209862
18188319
3828372
13608133
10266883
30658
101191
22088616
43691
3084415
13623848
44323
22080473
22915011
13432143
24002318
24876258
21853636
1219103
18656827
546255
1268536
2115046
3853137
25711360
24706405
15995136
18774919
22046891
29060994
23168277
23299513
2161966
