1241415
799072
11502
9086623
850397
980468
6184297
2694679
24729
46485
1088775
6478602
2055901
1295006
9640591
720833
3945400
194453
12982758
100909
8406239
6717120
125961
550436
1518626
6944172
13366869
453410
266802
96562
6304332
6307432
2034713
21115
77849
9514590
194642
1062752
6242978
7209860
169017
16130758
431349
11000951
8529
15743146
1948578
17343346
30288
1019330
15801335
633050
13347868
7827387
1557374
3323104
4948327
572105
301822
13366929
210805
483155
9767
1266297
8530646
752201
20758923
59001
18739690
18513828
50715
13455485
131776
18773178
11999345
17252895
20632110
15561184
2590041
317337
344580
13561806
1825519
15812886
4788920
18216616
10074279
2458038
18960290
7788758
18221285
17571671
921821
81980
583948
16094203
21852339
550202
23235530
25096948
