18782544
16155000
350273
11263180
273197
11455168
611084
17411703
17451105
18624950
536707
17620956
1008335
8319517
1010504
12609519
44521
18528548
182465
18331953
15873
22013040
21404720
6060450
169587
4163378
2230670
22267178
9758376
18490652
12362225
11031259
1089323
13037321
18812737
14896617
1926068
20922543
10315524
13340792
325115
11317711
17449438
23518600
37069
6653469
18388585
20024
23247796
18240359
8141503
5468617
2232799
136744
23623313
9578336
231990
17571712
3548256
24807045
1150799
25002261
17562510
21976102
18280662
7171771
25083550
12057649
254704
16247783
23380998
1972075
23391529
3159138
16166100
24375937
156770
12681103
12615137
12983171
20879823
17289226
466680
20444068
13077542
24924110
7193856
6375845
7899075
25289178
20665570
9911438
92965
2960690
13065242
157032
22088091
10823507
9266774
612888
