6184032
784470
845139
9676707
5948950
16032275
11866471
15797509
9998825
13365907
124749
20491654
3437956
17981721
19164621
17563192
1211251
7001377
17798233
13528436
1746329
22236956
21814415
15851966
8435071
11328737
22013709
4552604
22315043
13109209
207806
1354323
17415726
3388877
15738302
21560819
17905237
213198
13634800
13108849
2009369
17848055
11953074
18624809
285825
18712263
8329361
22030093
17800143
19464153
127419
2326098
21528948
727215
142079
22547900
162374
7138346
21827600
16489807
3866127
21461458
1117692
90260
11540514
2031853
22540002
16051428
9378740
5294
2578867
17213973
17134620
9692878
1396066
12408735
22319080
393898
17668631
18776164
8674827
18579799
20306461
18258717
11476593
18631943
18243325
6552717
18893982
13581798
15814895
10917937
265858
8074838
12750745
7992563
28650
708432
133268
11808153
