12892470
18518269
9188338
10954417
9583237
22907051
8524960
29401094
28407752
13113933
70989
17556418
25461925
6048170
59304
5278010
24081930
17886138
14032
24912294
22568295
6944454
19579217
29962194
1930851
19166216
6878747
13480043
17882618
22138225
189096
8525294
22076621
28441428
142845
21115925
23510662
6720473
22916633
8391758
1576188
21412400
29983622
25326901
23655074
18464373
6911038
17707599
29746038
10865206
9505677
205077
17925462
241385
18346461
6564228
23297929
12087523
18684631
28869025
7788245
7741999
23264027
5015408
11368523
5181
22622092
6511517
1534317
3324528
278262
6215730
18275812
7769217
30223075
20896128
253878
22022744
3181328
939945
15828593
27871283
20702025
10289095
24646105
183015
17380502
22285809
2437941
26791029
23929334
7775841
484094
30201642
6929406
20821174
24005865
10380819
386350
22032339
