22611561
12619466
19176445
303639
22698076
449908
20666676
13604540
26226538
355401
18377974
7024635
20438264
19359191
23731166
15850317
29245496
626082
25174214
15730198
7955579
6912781
944704
3834680
1619672
9755855
25074178
13115035
1250126
25241450
3399944
2786389
18029845
7845906
22749536
127639
7069669
15876
22818192
6114921
22756871
21851568
460334
68571
18689810
28936145
466183
16038622
23433222
3487446
12625589
31544689
2618216
1197083
4907587
21417116
280005
22231399
961607
15832916
25744928
23130805
9274970
22076576
10115852
29483974
22596018
24392720
9810
17302526
29917
27507850
22155714
6064941
10225972
30850859
219106
30239970
31579906
32450284
590036
226381
6470723
579562
22490206
769111
9805610
12643928
9518664
25739416
684507
8015389
10355259
18870458
26864845
9730370
30071504
25328105
25310948
862631
