11535453
17854353
2895492
1491906
17976031
12742913
7148780
11389327
3058066
877693
11822403
10534093
18217413
15790852
963502
1518161
18399828
18588213
887348
9860784
18002005
15996236
17400970
13414829
12917162
1158380
6668640
241936
14760689
3924734
7613887
115060
12451769
109794
18374488
285746
91017
18166194
17277854
153910
924073
18802838
17381516
13144229
15859686
17213837
13688350
10108198
300738
2695142
17311053
18975547
10754265
6383762
24308
1162710
19198859
15820642
6013239
13228357
11609409
6963165
18335916
12092005
98969
10202633
44882
53404
151928
15849310
3675828
7740725
11829282
20433181
3769869
7460
2858266
13399046
17402018
18853059
13139452
18882632
14759416
760702
19478042
492887
11329767
6260558
17786794
19234450
20525192
6598687
11782489
12323980
6321203
656048
19358045
67956
17981458
20643053
