8666917
6566295
140475
257257
13448037
90988
13601550
333329
17262159
12160824
13530224
145644
1481702
239154
232631
20758637
293450
245727
17732096
15981711
18785427
18991394
13446443
272595
62355
727551
11356936
17263570
17731980
15713473
764332
5853529
70832
21120350
12576713
21805653
507590
21485648
6432425
13423149
24914
6657132
6084471
18802903
137967
12987245
15424
20594839
10852070
4830520
9780117
8694228
14800331
18310103
13018503
22630772
44149
78986
7486255
17375123
22475781
19185094
204286
1487623
12550
19486429
9798310
22455886
20654738
886113
12662
18625450
8483904
7693649
17185984
16095383
23269383
409637
16047465
15754017
17609271
2757915
13081072
10787512
17371685
18126903
15761848
10226245
15312202
3999433
1133121
1070107
181396
23375508
4446898
965956
18209454
9372166
32330
107896
