85211
494059
414096
3225007
11582010
12724
2645603
1177434
6975601
10232994
98374
13590988
13001277
1429901
352256
23230
51029
2395279
13512834
8108609
14423057
13510123
6699059
1221903
67329
263460
9477347
3138618
12770150
2571920
96478
111126
106330
7977037
6054106
12794678
6428089
25700
1563075
6441654
4566128
6040421
13827
1244278
239399
6399288
11523971
10245716
2496956
7674189
12510143
13556506
181195
16032362
19106209
6705824
67880
94077
12152428
16029985
15801235
16041063
13607560
15995457
7884124
37398
2003094
840096
1199553
8922087
6616850
13331182
14435212
13578634
2198397
16079390
45362
16077386
339210
9486
2035356
16047367
15851096
525371
16101507
16377
11933062
4868
225542
10413697
13502238
12798532
75385
1974532
12712998
316820
6658211
1228814
6357825
12988004
