490403
23756
33729
7277715
7230583
45961
138395
452157
177518
8089
152004
51291
107789
14681
12016
816752
9924
10269888
13538702
9743729
10870908
11402002
579228
383196
13271546
6265313
15713049
290
505222
16136599
16088671
247925
2535732
6501635
13095614
19074829
2434366
58307
836611
160112
11359
490471
6657
527513
27588
1080657
19417
6587520
11494
75518
129312
978098
27002
114203
1290510
9907689
1629007
2294984
131847
6150990
12710106
69086
8450235
7878933
6642994
12926767
413432
383129
817982
8960470
5739604
5024334
148337
17558236
533690
119838
11506107
10332
409015
7174618
116971
69515
4071565
1000724
111879
5600151
136096
10285
396734
387339
125564
6801652
1085771
515587
2142727
11389
654101
1016314
795034
3294489
