5598690
958805
144204
973352
12174691
1280293
625802
6624080
1931773
44246
8705637
839503
761154
955119
43342
11249785
13481283
394841
11041277
6929147
6089708
13416093
289382
8113297
862540
390059
13383
9255439
2848984
3082137
443845
12907767
10399969
1169133
1835323
9568639
7070067
15994042
23613
6082612
6434488
833462
2290563
847786
557208
8863157
2314769
862001
2799330
2392626
5954650
11309055
6339304
935436
875644
95694
18513811
1126942
17228839
8143073
9476292
739589
16457581
3051743
27414431
6629340
7641657
16133937
528038
156153
9046550
1118078
7949047
20869718
11021913
178002
816580
21798732
10980787
10779721
17706555
7624594
921846
1268994
18775337
820073
21217274
21544079
17951507
2130597
20619307
15997131
3801711
29745
931447
18232117
13556408
16123199
332853
141834
