101999
25437098
11738827
2101872
9301250
303385
18688650
17236366
23222016
9269460
12352651
3010643
1330181
22816334
9572871
18047049
22742319
24277991
4011151
575080
6182962
18670450
2068667
15746657
486050
16075836
76811
153426
8100904
26227805
24001095
24766970
12617758
4648
2617066
26211890
75626
26473035
2638736
27235857
6631792
10484883
8456844
19320758
3264623
21857325
76691
22925759
366427
23346358
3229446
26112711
8734881
36164
18627417
23563659
13152998
24490582
28111944
22909238
18596507
1232960
9477628
420260
6403921
12946655
16077693
971726
737629
17936693
25534273
23604435
23209264
24885576
18196182
18385703
25734623
14625570
3046463
23443890
7775594
2368651
24739992
27242000
24762394
334801
10423078
7975483
17855391
23344750
2631685
27864107
18298180
28489915
544554
26005699
11427344
57668
149608
12291646
