9442092
43996
1884686
22040410
1133120
68396
23693722
124084
22843326
13612031
926984
16088676
333301
10345708
15786285
22237407
13338887
171008
17824844
17794534
20454084
11089464
17968342
19038481
6496832
9306197
10305247
16044785
18775203
420747
2067509
17230880
24356387
23629814
13637128
4799482
4653703
18427989
21432474
34082
409014
9590593
21952189
9757482
21893905
15801226
8419235
117369
222543
18589280
94053
13244578
49384
580658
1121526
17252074
25421814
24851484
7430121
17905433
14957862
2039091
18144002
23815449
18184923
18907585
17612777
23130557
3678413
19438157
18480376
71714
26551
9024078
2922121
37772
7452583
18635086
2504089
352325
20308197
184962
2463887
19110922
17696730
25110601
9518873
50127
990093
23014653
418703
12509791
17910471
15016
334804
6629359
19127904
11387451
23724
520723
