333657
3143104
67557
27803245
12408152
1911719
8404519
18490533
22836957
19179544
16116088
27659088
18778063
8483651
26233482
9196523
31279223
30368400
13498837
34202766
1655299
124922
1626311
13243541
7938838
32727059
21104828
22745342
34580072
122096
34473015
12265899
33143056
16219224
15929372
2994656
34705149
119495
38141318
7686395
34438836
6218096
22602128
342514
164408
49190
1419301
1325761
365307
1191702
62851
761365
3057108
138069
6080938
2190319
5983170
106244
5093270
1158212
436745
3244406
479669
18929
2079563
7266857
6289939
1503626
6353014
953734
4945163
2621703
4747472
1930898
1389938
11184
782832
9499774
655785
491858
5273750
1117526
834450
127446
168561
734115
10319826
698054
7431066
8105613
4947464
22365
9476583
6430780
10888884
1711690
154072
2031518
432319
5842021
