28103790
25944798
30821598
32075662
35228012
17274667
30152013
74183
2274992
372713
13067
42447
29898
59097
31741
1422250
1644692
170619
39937
96471
7095049
6227080
7842739
3438058
8419647
8599748
11777020
1655091
10433900
14828781
15722934
30189
7920450
90420
44905
13505141
71705
18000484
16466436
13333093
17684326
200544
46171
50968
29430620
853510
34813838
5342
449573
47521
2775759
647
43888
94039
58801
702051
13978
12009
10780042
86525
6439641
592167
53834
54283
20522640
3040004
572626
12666103
10393675
143877
61794
13112869
19504931
18081717
13380915
108925
20821371
18505784
11431896
62351
32523
220754
6202183
20977124
18161265
6345999
23208344
18043539
15950494
25526965
30614118
25837310
843433
5948927
24929
4758093
7968
697251
6364017
227274
