2345918
1455289
508388
2347456
4593274
349408
1582721
6271195
4496091
1371073
52546
2880674
5902379
6064907
3392142
90608
6093201
2232132
887161
5995411
2201019
3209087
6053576
1107457
6241330
4443540
6005011
1206930
697007
394015
6279634
1191449
103104
6305171
345660
783114
5826231
16183
6135044
6323933
6324298
1006463
196783
638913
1328370
5892849
1873536
1235499
2914484
118437
104665
1170244
122205
6359195
1562065
542785
1873003
6155363
6080897
3353071
882838
2816273
2227301
1131133
114394
493715
552175
5780067
6261155
97788
274163
6606163
960493
131527
3382756
108051
206193
1829889
6667784
132331
6671719
6678091
6019972
4015745
710136
105599
2925639
2838113
7105
6632328
1251036
6375672
234335
257869
1009305
317375
6854221
201644
6875251
6887938
