312051
999731
3049193
842395
57674
128642
426000
6516613
66676
6680441
185407
586335
7915495
2411390
8959816
3488375
3092778
690644
2572997
6528512
6097180
8020118
7098832
300451
66084
2320431
34289
5528673
9428881
710603
357640
5948514
319033
87900
82991
633514
631591
617505
527862
8608083
2421991
1601532
10814989
8872180
9931
226153
11377709
76625
11300451
3545945
122066
6047213
578634
7717338
7294191
8738626
32639
8631124
2264743
59822
463378
902792
4569952
9609429
11367731
53007
1274722
10259337
12009604
2287810
418677
458376
12131142
7172726
773171
120405
99275
639257
7637710
3237292
6215562
7840831
10450750
10382662
207533
1988046
108845
4576186
10306358
7140220
5016341
2155025
350507
10789481
6637757
6671931
6086315
97378
7718013
417729
