487638
2267679
9868
42158
2838820
6953567
1210286
261000
714380
19840152
46323
6318223
228592
27531
5221577
757631
4428533
6496810
10887160
144793
2477801
4756029
1419796
1207076
2745692
8396340
413326
6440609
708526
2189373
994201
79790
6650429
363711
2155422
2344801
169671
702052
1882873
6992584
3284107
1259288
9551
4335624
4956883
6801454
23145
72011
420704
351653
1197129
8504554
6239027
59830
438192
574950
828878
11460105
907717
9378834
1850920
10789766
215021
9006025
5327061
116445
1981
91777
12950
6069124
1285705
43074
13008316
76978
13572619
1736258
7089479
10637304
12469656
6056915
13158512
7430226
69880
10674653
11960017
261521
7786474
6336078
6620443
1896346
3274998
2249711
147732
672262
11336535
1560407
962767
9647908
8500922
351648
