11283685
12368985
1220507
8835897
204042
138202
73062
5231173
15283043
14865
119382
10429092
348573
9565045
1099262
77394
7802254
1337448
30165203
1362193
10860399
413
24120519
9533378
227603
55401
6335026
16948
3758
139417
11919
11337912
352965
16431
775346
175510
15778138
3384
96281
17888952
144977
6087756
28541
7823549
176327
17287259
31921231
30240
899492
153800
18775247
6693
3241368
180426
15096
59145
8694389
18185
18342
5454
1111600
12829446
24094
89399
10619
21535271
253264
16718083
43255
599
365006
241823
47615
213105
8948
9912
102564
207684
408615
6609549
15819028
78249
24835
13448656
115076
156427
23846013
71332
141526
17792606
11711
33810
2208744
1110
92147
9292965
179735
395182
298567
15839984
