6464833
14781507
444337
9643433
6341613
581006
11629998
13012275
101205
13625660
48717
4985138
16220
410296
346692
26088
2181710
163196
20758965
1211679
2437698
18513823
1808243
11086624
200926
3751593
916764
15962
449913
2525855
13131100
12667666
80311
81060
1562223
21936937
12040432
842712
6423187
511260
107781
20414009
30230
70791
18166232
587901
17691262
521154
3713953
111537
3436692
18632616
2314130
25060195
6597439
15832971
9802066
5954394
263081
723625
2504234
511226
18518180
25038103
22953688
13447336
13270
176867
8293107
161889
1860697
16248235
6627313
2190073
13629621
132867
24719666
18798799
12882683
1340185
8886957
320601
25159277
23705452
112675
16106739
924490
8708023
22084508
13610291
122884
26027030
1251838
18683046
202897
8623763
27255359
51537
135288
26157005
