2873753
12036
7840331
13623947
1951720
16049218
8540220
2474501
3083678
726374
11544452
2352769
17707605
445659
18053148
10756656
16280863
19869911
30553
18803806
22716448
8572437
491087
325398
12819
8092497
18455402
166356
6522885
135046
146508
1048941
22750780
27193458
25013
1089892
29851602
28816172
7537919
77432
32283424
15717836
17925397
27230661
7063687
16109788
3790209
749784
30128
181656
1078571
138381
231012
1480846
2213112
7926791
3034842
6411350
276875
7706793
489838
1020956
674419
11834447
972789
7419758
926908
8356487
48623
15818278
821846
2677410
6369851
18003780
1061376
141193
114129
1145587
378208
7965123
13257661
366527
8204809
7445700
817393
10197857
706011
2834713
18722754
6595144
1796695
19324351
16074932
13526367
16248513
17738800
22859573
9713195
24874
400897
