17206010
32709708
32110
33229330
341644
114073
18998448
32078
105074
1480915
6619455
224352
405724
5941385
6947949
104355
931689
109242
7252
120694
2436306
879545
9589
258250
12761827
965705
10119526
63339
1548013
246468
497819
11410674
18334756
16043758
7107515
179574
9741843
767478
4049492
10555781
18073464
474211
18129488
32417
129808
1606730
849312
430996
1733355
16161760
13332526
60218
28471914
29365635
311163
13595395
9481823
3032006
17909098
23199742
1801073
4397
16307
1005587
7783636
96719
56652
6115136
141444
109245
7076706
3215066
1009079
8968323
137599
3216767
11032694
2030441
6998617
13405375
1504506
10514748
3203129
13543100
163460
6536961
7670619
16233680
22138443
715058
64396
18988096
443499
23122488
23433339
17332243
26867235
25622797
6899530
13332497
