16026493
22352840
980397
9525723
17229241
6321770
20774673
15994525
131080
310975
25309550
10937499
16093761
103045
13603105
1348222
22018900
23019123
90159
943253
28483931
27798954
21853626
17339804
47122
130179
10747696
3416337
24939416
11021528
28556695
9855462
9018860
770670
7606133
22455180
28646887
2403024
28938376
58197
24856464
10459837
17415470
22699184
26090582
14290904
18751334
25310640
14741256
11612989
25440667
10838787
28676463
554194
25537059
22067121
26798119
69089
15738801
28007748
15782868
8696760
6640698
636638
20962083
14781491
439343
17206409
17864642
18085520
25731953
21456823
28418260
22852456
6094312
21531503
23622600
23383631
518844
29373453
15713685
29007324
8626241
15812794
29545058
15762116
26088905
497499
12296546
18630962
8553757
28167546
17801961
23579238
544359
18339155
29421260
105423
22895258
15731700
