26021387
732139
13588404
70739
22459860
17155770
526045
4735155
185287
2510540
22397884
23281891
17456153
13640928
608629
5149091
31309
18461360
19769961
29949
24665189
23276717
25865501
8940750
58096
29358729
21339881
6316959
8836442
11277484
13115184
5977653
3980124
26837629
12146698
357968
29863604
22055820
18403591
76852
18079523
1479967
12785876
1667455
927518
263175
2269013
997886
1212934
444382
8231042
16043731
28219253
91368
8042163
4409520
17713872
33299792
23488490
685403
30621224
244338
1192774
574136
1744452
34403310
748350
21561857
13547092
962554
22314451
12975375
294519
71823
22567177
17412749
6969961
30258465
3802330
114776
31330742
11758560
19821063
6238269
25721914
30123186
1016871
10789654
31371458
703355
15061345
29202332
128265
24396967
29588825
7100277
4203528
28695658
5585547
15796515
