32559
4692
6447501
431
9508678
7129598
2054
544424
60931
7897851
11559200
12971616
13644055
357
3438000
58085
1170158
433567
1274
11387515
248482
40159
15784909
316845
30119
10589
15992857
187812
187811
616828
6289938
16181
7940583
5344
8088
38500
4325
16181775
7664334
12558285
1398034
1811543
6837103
121127
16213
6574102
12194
18749
768889
816953
16077824
6261522
7544603
229432
16160797
22090082
31250
20564
178476
18796
32650
84151
30274
6441509
105549
7779
141828
6801582
16150830
7728889
12468
6871617
332775
4570768
15924
139253
5114
43328
347852
257233
92780
18297707
22293224
6780439
136782
77770
659469
14748
6080337
10037
138872
8648
11187932
33512
59263
62031
30246
393146
30120
32263
