474374
15730526
45000
47207
596963
165526
11254850
12680998
13493463
144896
26506
202061
15756383
15742853
17249189
16234269
145664
1130964
8541234
17149158
12651
6004798
11653
13422740
18163529
10378106
13412377
13030110
761023
13187824
11686584
5983930
20761075
20932811
22874559
18889246
22667507
22172410
1706794
22740436
21860884
20613761
23129839
22836575
6796621
25798170
23016909
22574709
18741152
4979435
31176886
26245098
29527405
30133127
29343944
881508
578618
34610437
34201164
22325
402456
10852
140345
180535
46277
196714
965154
126503
813198
36320
72855
3124249
57412
574361
258872
5711714
127437
73930
1768212
363409
7280026
6698199
131374
6747545
3029879
306608
4866
177434
1292495
802151
281755
501960
60080
2795347
11450591
2685469
10927210
6413473
2917083
13061289
