1328954
3265293
4776724
2055151
162920
93000
71620
226490
6257480
41710
1481810
723724
9150087
6919721
6911931
285920
764220
50747
113255
1898794
1334278
235791
354410
601598
5034858
7904687
7114825
1268895
132604
181305
2202113
1450982
6065889
638991
10428848
9660556
462684
914608
2517689
279561
13363475
103251
16126845
11036713
10726753
1116393
8112340
16003444
2435804
11886868
11890
17281230
1089325
864431
6425120
2652089
182662
16152916
659546
20758981
10451437
18513814
140302
100317
2929240
1569144
7224904
10603241
2483910
2721947
16151527
803982
285672
22537367
543880
11759990
10429440
6601279
511261
133526
107786
20414012
9239858
10211545
15756733
11021899
18840
225594
22521471
9459330
15810152
15725485
1710618
521224
81977
7315153
568073
18404292
15991959
21341804
