64468
18114578
905964
23935182
11962848
78216
10271968
7975484
18114185
17566814
4026382
15808728
3351047
22890011
29509876
25547711
45830
3849637
20691534
662867
6177287
18307384
17512456
21792828
16052983
24873017
26770411
424307
17166492
985950
13699329
9628743
17801904
219584
129562
7188088
2865027
25371234
2112260
11594289
6421982
26068847
3511223
12814556
30530610
6019841
27272223
127691
11282392
25322521
18498565
89796
10414930
15812211
22747926
12970552
101558
540372
20879810
3244135
731296
25718367
769254
20011917
10709392
492050
27779008
6678734
31129145
15808839
27272505
8624038
26792284
15714701
19798844
18684302
9553323
940353
26845666
8914351
22660
13554925
18775284
15788244
3314635
7909250
26050845
21529344
579696
24308751
25553727
12788665
17692830
1715288
28505629
30163876
7110056
268172
21400362
29954513
