17975912
23011613
7137
30054529
13503544
6977345
146984
14978982
20558732
20937784
8154171
12964596
27215773
13346672
8897134
5327
76240
176698
13721722
8548042
11685345
927519
18242781
53021
415020
847860
13649328
25798995
18902975
27864391
11545463
28458167
25330591
33299877
3352685
296298
13557703
1453770
841679
51008
31409135
3067094
9530
25242786
21774162
772756
16125800
12038915
248
29245055
921783
46987
228199
21412359
393128
11958583
610426
1893175
18453226
25841905
990495
301274
6347377
1430989
31701095
7653376
28364542
10049436
24662406
10190153
33594913
6316356
2136863
7189409
18667902
6394175
33841896
3323157
32167355
6082935
11210833
18232261
35379639
6338105
35060362
13016732
17332556
1438635
31198259
64958
119492
21394850
36285422
662855
6013147
37918715
21341548
19082422
266009
440116
