15727616
10903906
15790632
11012966
21119
13594352
2024336
1412973
17969365
18071872
17333426
20758586
12821470
6013688
1321609
8618182
19068303
18395093
19194589
20957921
18283998
268922
18489000
17303408
9666870
318345
8151358
6434104
20318855
196612
15800744
6601981
22016034
77850
18489604
20986951
1265681
9187584
107021
21433538
492512
29133
266666
10810
15862108
1406099
20324922
12095422
10793264
7530028
13633280
1895629
16097881
22466759
18370794
16137737
6691125
2368691
19516814
7704481
20746655
3257215
19505123
843044
13667361
6185875
3676748
576435
8482058
8067175
15707671
18932047
22521591
20661603
3534310
16169537
9590488
6381236
1685075
13641641
5938386
16123804
21253714
23009996
12854800
18243440
6321815
8131576
15812344
2369498
501710
26571
23159724
21822491
16064396
23255948
18621172
17256423
278099
17382884
