1851166
16140058
94807
17881924
376579
9692967
15720531
16002308
11192468
20054851
132692
22540275
21788254
11779366
15853094
1634386
6398824
1127539
18373291
17282934
65197
24453611
22253782
144285
21853677
17906284
22688430
23992156
15829686
6323307
13414810
24842076
17873833
7284834
20826742
25406025
6595962
751579
26921
175765
17936663
18044372
755107
23592099
7544943
885893
250825
9917957
23464763
13647516
25005947
44645
25287783
7776689
14743932
7922146
21413855
5868278
23120782
220362
174173
25229946
25432176
764003
108218
23006544
23509377
20661522
16090670
297353
24401179
934205
22882816
12853195
7646467
16282563
19474231
13416074
26808287
1175376
18232501
22173656
11218447
25262045
7948635
743414
141860
20631421
22231395
1792733
12319445
22609341
7788995
16060443
18629031
2939624
1810346
14623558
7137810
358306
