4385897
9718643
12179817
71960
9071883
3195006
370826
312275
109156
17934647
3852879
13361585
124469
7286910
16147265
20428052
15814439
15734070
348634
20574743
8230409
107023
17700688
22042963
266661
14624355
19551739
18698406
10021050
18708437
16074560
19826986
18157092
22006801
18132738
18304351
11359361
7529869
13549311
17826227
10185610
18270740
19165871
14402211
6696145
12617237
16036265
17933160
766196
12035966
477
17331322
4893543
4369844
11115434
172348
3495882
18169120
18459685
20893493
12393684
5294309
10915738
522776
22337670
11792651
20929463
8100288
115610
5809786
9972838
74274
54903
22117633
13572601
6668592
22607382
91688
831378
17227353
17693477
18488392
6459365
20261437
13347531
331029
201354
313998
1187226
18114060
22789472
18342290
23379215
2934112
650073
18469521
22521817
22926493
311716
20176552
