715428
1532027
269751
13451872
128944
6721774
13055310
12815803
614699
7199828
1132805
421518
1666365
4936457
6365996
1243919
6855820
3421761
7568452
13108416
11448751
7493011
13411067
9834882
13030276
13186804
658351
2017109
337048
841973
5711852
11973176
13577533
13062235
3951006
31964
13141821
951061
9127010
13512970
5865674
3973261
415699
13127703
446886
1773085
9872049
109510
13581290
10749266
23463
31300
150122
7943089
13557068
130837
142911
283490
10828639
126185
85306
8400680
13317882
14744502
9939976
71648
6944566
13580618
11225502
49195
24847
1188313
2411725
1243310
386485
92104
3874108
9810413
247526
232674
7292936
345167
13163842
18057
7904453
38504
92488
5853
295621
837197
11987358
496040
13502634
10316626
10499521
12295571
11030552
237120
115014
983567
