13042154
9615767
11147422
31721
91244
17729031
731140
23388164
13265092
857528
1105476
361812
4953858
174161
22686
557332
765172
30279
1010711
759212
210190
75406
75812
7871086
899856
217086
9410421
11256979
8429687
188089
6482981
117645
72228
8299165
347577
563820
417780
1560207
16077954
13563050
16907
18090508
25982806
15743711
58544
12770
1391316
107783
1060439
65927
456920
93839
5425
206472
76661
10915691
8323492
162825
10706481
7395327
6234910
4162673
10199908
7302794
7029
16124989
6454477
412963
5755
11235783
347964
13016839
13517402
23159927
22217702
23731881
23604335
49891
16694
10455630
969131
784848
2690808
893609
177398
162314
442959
105435
616208
8535
2888973
7605246
3689197
10481517
30437
180645
7130616
749415
37774
272599
