3494684
93374
13579924
8600651
20416
476103
418812
406404
13151179
15757490
359827
10364135
9264113
6423507
2187393
660619
16310114
15735609
12203874
6800563
12398
1797901
92144
15727792
16106444
13627457
13641118
6342372
6218007
17562656
1440362
255049
114510
10853751
16087861
8567054
8734164
9689379
841711
2909981
8714272
17348806
1316
388432
12034734
10693048
7828967
15743701
953713
11785661
664328
74258
15743017
14061520
12352843
13572813
17229437
17303494
252471
17664573
6325305
137996
5682419
46969
443774
17160819
15776615
97751
842264
12028681
17455456
13542868
15727340
2356574
14331167
4108195
17163274
13549137
9780676
16143103
654812
7946252
7193298
13305176
10398200
7848726
355434
16037555
12139936
15805400
1638863
580918
12974770
4634266
7824057
1099660
5648871
2221542
17157641
11325353
