48266
559777
126066
140360
119116
1284350
317159
253071
9669355
8609296
13517
13354919
12097163
1030297
34002
454236
373184
9883317
1682248
12183002
9713347
537148
2992647
10155409
218859
9338051
13283620
873
12565115
5224732
116483
12557776
6436039
13484974
1091478
8045080
945882
13142429
6071049
470693
7775569
13519812
2684609
10390269
2392599
12298867
239912
770873
6186292
2763297
6537138
1883336
11503582
11837482
657466
2979661
13573091
2857200
6759158
11546437
11978186
311980
13035050
8077674
59558
3034429
10046958
255371
11420521
3249541
3728095
1838719
957346
62309
448711
9218545
891972
7932775
626685
7148737
634636
998178
1118654
13081566
97380
10464
13403151
14059679
1198715
247136
14563
811054
5943093
8786358
8065164
23468
12037108
2468596
7011879
13552159
