680170
25669866
28375
953562
31702059
8182179
14814495
9066002
33186
847145
479242
1010610
982911
106128
230003
819351
7146050
6932
109244
6936223
702308
895483
4681320
39542
423144
871046
178051
2799233
2415369
21438940
402401
14759015
1474044
16171312
783968
7670616
15731772
20262706
17307260
16173003
470219
20617940
3728976
61887
23122223
25193346
27832513
128758
127810
1791460
823741
13707594
13502498
60222
22729129
565342
30971715
20588698
2161492
10599546
32497002
264397
226868
1607657
517190
3563022
754250
2141070
1223736
2632830
128659
15997064
200754
178038
5980747
356768
15945821
5160463
787681
18163019
1133474
19844986
18073066
7565139
22451936
96984
32337
2072557
13495219
2097226
13818372
22553536
22857396
26016306
302983
25712838
22541767
490792
20887603
22013801
