614069
13540892
1190042
10798691
965720
6970738
3142842
6373082
282270
105639
8867176
15752272
12968679
867149
56341
3511235
170175
220563
9326998
3553026
12924419
9873759
627499
132770
2200245
382357
16050994
7825892
160728
15992526
13091294
790289
655348
536478
7267324
926744
12980294
2948154
13056159
6668766
1876
6508952
15800043
2314275
25737
17254348
13632491
5520873
6277972
16140037
224962
282201
301114
359824
48214
1810493
963302
14714484
12611073
3034292
6514907
9968062
1716819
15768638
17287481
3661335
13615541
128243
16441081
10434391
9160737
532509
7989563
192799
1601189
11300154
12976689
17157203
3619279
17697959
906497
11961425
3416917
15985348
1431558
930908
8713500
653592
186344
1557372
10876733
828127
163921
9042360
13627869
16104564
445654
10833402
18072649
73090
