7302402
6452731
5072179
22850084
18160512
21567666
78257
344846
9768692
919231
2679060
9754897
427795
13547958
22836165
21539471
732350
13360383
770286
17665970
136405
20439619
11267514
22732546
840375
21866409
18773475
16250940
21468667
23343446
10662433
7487212
18170659
14744153
19413261
23351319
8293835
13574515
20176578
17925077
647685
18523268
18599909
16922991
23571639
23462889
18158081
345301
9712800
16137069
17797635
7548010
21479287
18585092
17676172
22999333
23566413
17978489
23248431
3980838
9470575
19325752
604562
15790833
17458393
54597
17697619
7105495
18478915
244775
14713720
24049
16117182
12605487
9253252
8883501
8735747
24079730
23432413
149418
17345258
896422
13611440
17284141
717811
239595
17949524
18107951
13013592
16225719
549227
16044031
3786877
16076228
1660955
19241689
621394
17985187
98248
18513423
