35180905
2473508
33836972
99177
26245853
3397709
2020983
15767846
34735469
23299427
18589374
29613832
27161821
25665301
8460324
1910949
3120195
14709495
44784
35441918
18589573
6279702
11448957
27422533
17450549
10035805
12824229
612963
6219207
8569602
12833311
817020
26121554
36404563
35158717
33388416
1014282
35879356
11166
21425079
4052800
25785810
25232816
35904088
33151799
24866345
34790383
20734875
1739710
118229
31830406
34207756
33474596
16170202
224926
35487868
19094282
6283272
23271929
28374007
32191710
37459284
19463193
36498092
9025186
18263530
10853720
36559024
8130239
35117279
33823173
19458775
13629443
29144691
8265644
16089464
32708432
12699042
17703205
29894572
22037732
33785828
28112739
1659193
15771118
33233771
37554154
674337
29536283
634685
9692830
37832924
2962022
34964944
8853299
4001555
832130
10334017
357725
22350224
