21469054
16078215
32072577
82896
267478
6588
38486
293595
4453371
879299
351198
534255
6098691
39000
1840934
95573
68513
7706102
900
223462
608368
63580
425123
144773
10150892
5559
10184345
323455
13547289
10092
162612
13519
16301336
17839197
16074809
3650626
1711463
16112083
17406847
53423
18693656
24935412
2088385
18718848
7624272
21702347
34146782
114143
149667
32102
1001896
6223474
289681
7557653
560635
294924
279660
6464448
25422
221298
10243089
12280500
8471815
16161787
34284
1219949
10088913
1484848
17557913
3001512
747061
18309803
13602234
17158565
25063750
28449207
35225043
490867
104085
7898
2905549
820480
106931
2723
603911
263179
8331312
6757893
3331431
6986858
19631
74273
6811278
392438
23007
10242444
8573632
1018538
9279734
1612379
