17342701
16718
14267
2762488
11312
28698
152409
871917
188458
8220745
6553352
10468258
267123
9465845
6782468
11795449
278060
184794
219110
23253921
24483265
64582
2570856
28815474
26074185
2072153
11664
149785
36157
6754775
43372
112693
80313
449407
149610
2154305
133738
7988467
7320740
89363
1538
19032994
11506091
24465724
290882
119290
15050
29421
2875036
79652
6280379
49221
386
30636
3577266
574131
8724084
8649656
10238
9376703
13649056
13560376
17289947
6327352
13413762
592089
17254226
294731
9219901
89348
8487592
10604115
264390
6620670
15102674
16181528
19095025
77197
16190473
30835803
36061
20675
437856
69477
2292384
34301
228220
85622
600404
50930
343738
31175
834518
129603
2295534
7514774
18781543
51783
8617107
353016
