925837
415028
59
856440
28109
224614
181427
1777384
7604921
836661
7191421
588443
6882916
415488
2944607
1286268
60286
93361
57545
1043313
7652728
8076962
6109239
446388
6338964
319405
31620
836475
3509485
1784390
456902
3399843
394728
1624561
7145948
3324849
122731
349949
1560460
1812661
6420722
450915
108395
6775500
39796
6008809
6287482
9099
4117
2296194
116475
11246836
300678
3423631
7105002
513267
6606469
9756195
104418
823580
12335309
8296211
22649
7965039
64924
1116977
11871802
681293
6136499
94063
23839
6400502
419333
6411849
4912955
4482960
1144084
919335
678269
2817765
11166687
101384
1983987
11424943
1354396
312596
37755
12521887
13542778
28420
13565420
9918053
886354
12833536
12412944
14060081
58095
195761
196190
2458709
