22318363
1269079
20982872
4896988
5321479
18903000
15924987
17349113
25271355
12220636
16276983
23355896
4005310
10117388
18929931
12872186
3835
6922206
28788490
7267447
10335148
3182571
29914640
132391
16368842
12517140
26210
9274963
25757768
13318584
344151
25430248
23662053
8100102
25360394
29847102
1441909
18915278
27676172
11071275
119790
30622234
32485429
27995772
18479697
333071
20439328
3374236
35648541
10897
22564249
5989515
1369635
10116450
30207098
33843362
293393
22930341
23615709
30653195
34370312
6240980
19421888
34638057
31571056
10239132
309480
319138
1568491
21025
178186
2487176
639076
201874
2455549
145666
181432
2764258
28799
590527
95112
6397014
6314793
115009
7159536
6081980
271300
2430999
858381
1879517
7685237
8807684
119248
5565875
6531880
1654988
9135893
1207062
333920
775974
