1392877
3217673
3061
734935
6877819
4605
302059
123544
1271501
990165
6772065
55707
46025
43401
1527733
904959
959520
112472
5957074
910966
11716
4947431
12532
6555412
81844
6344783
11549
316967
321646
369783
1689657
114158
2909013
105040
89585
3029362
81070
266782
1651811
477359
1775979
3921
868782
115279
1703611
87578
143367
174709
210483
3062392
194161
1405527
260659
937628
1216187
451777
7932190
45852
38401
29415
807532
53411
868422
5820658
707225
396647
1097676
6693257
3181986
31617
201388
16738
8456388
336895
626119
111626
7365018
6922805
12098
1047113
6559778
181886
8472378
8572
1159461
3431100
175624
169914
1425745
35136
8144969
81042
65056
1212543
6124621
3007030
3454387
879162
1227282
1722607
