576147
7962
16449
320859
676098
284090
882843
31680
401910
1206592
1230340
329084
149150
244647
458322
1213073
77740
13366
224615
1020421
428108
2067180
7191422
48829
3074734
831646
20075
1846848
568092
165887
839808
345163
54754
952687
762477
846746
46973
81648
8063945
7519285
9626553
614715
2952172
484637
150447
227063
6383529
4311773
591498
5956070
565837
6409125
6949613
10633687
68930
5147134
7443302
8139321
2110473
2181616
775977
1404466
72816
5528780
545766
3301564
835202
866498
19647
6057847
207259
116470
1428043
3059151
3309428
469193
136228
8528645
513260
51105
9664718
104392
7383807
343529
871695
3545923
10535969
10825286
712820
9825899
614118
6760760
9127067
3120143
359194
8551693
7091475
176404
226738
195672
