16163769
133008
17878281
684559
12352225
8688108
182543
3266670
1470281
13623777
10101733
13380664
18224451
589118
109946
2945730
17177675
17973247
3764768
74787
70925
6310782
18364994
251462
19279632
663175
769212
15817834
17411903
8173649
12997477
356487
17234247
12046085
1696295
15803562
11324722
12043511
5522977
13503581
9760895
12267664
1440229
6492737
1973573
10389604
17969353
17890597
115998
478246
14779883
696511
19098092
398155
13479267
13586985
1029232
8926934
1860927
19000878
2226274
1101287
11816100
13532194
17252914
179737
15871287
19225358
18072883
7294729
33574
13276458
13502742
869040
9078
16077527
2204611
394237
451152
21894325
15765030
17229930
19093998
18163000
7992477
6222164
20927491
28827
21454390
20959438
16173854
8927883
30386
18299973
1362980
642462
855084
244105
15724511
6408236
