1233478
921359
156234
22079615
11686
3585344
207153
199784
359
138685
6621287
10410278
7182899
74256
13507212
818056
5849
298230
1507805
119825
13162
84135
1376124
8563789
18080920
46465
47720
31168
12667194
11765920
445046
61904
63321
13360
2948832
550720
9597
61903
24726
298730
7826116
395233
9850443
35306
11851522
5191
3474186
3552023
16045855
22489107
9517
5946
3077
63038
6224935
5546
1426
20332278
17375956
779509
206731
3220405
8306745
10913
352262
196764
129947
312050
18214414
25405
2287
576666
9888775
9307674
565149
22200
72623
110384
6512154
215543
93263
20317106
40470
91475
59268
113091
37301
33547
8855321
291
425029
157409
6469165
23349901
120461
401514
1407874
6505109
1500209
28385
