46199
6976
35817844
13570
3359940
117047
36461844
758901
481446
29753825
107774
8935689
825508
268601
11003
477338
4538
10165761
17237214
18525
107779
30225
13324841
385706
88432
16243
92308
4327066
325785
35714190
99208
288644
72193
890143
604635
8113344
6668467
16322
493455
48037
8177526
12432550
17490
40331
66354
17333319
20706320
41962
3831279
3173558
71252
1584974
39033
439275
12866426
1406197
3679
16140408
209194
82751
30226
12507214
10866624
28382
79885
22842001
266904
4902793
84146
12039534
13508406
14567915
15954655
19546932
18869947
19464292
31436554
9503
32145
136637
3066
1464757
18210693
1591
6134783
91474
68526
3692
26119524
15860
7384801
89731
33597279
6481245
505304
22174792
11368591
117251
123933
429024
