28691932
355909
33139765
176261
24915310
31927042
6728245
6363322
22693181
9727881
23155346
118351
655533
2340375
1871105
2595
814487
399068
38019
2360662
645489
514778
1223054
699709
448696
2282203
2287063
336717
3000014
543137
13136
226730
406683
3409945
6474415
35993
8725
28104
2963641
2479924
17805
2257948
59250
153224
60281
7571359
52386
14286
633668
7405775
715192
161121
744401
1839896
6521868
823355
1091807
84224
1017309
7090641
1582493
95447
7884898
3198692
9678752
278620
5415929
1930216
373174
10200231
2862626
6545740
144919
548118
121419
87599
8355689
273843
5637839
565836
3175144
62151
8262461
6070804
451304
593056
1658702
6225106
8730566
5950118
1008649
72819
141372
6375187
8452309
216175
30004
16528
602914
4291946
