17572903
11010899
210404
34384161
13350
6178065
101086
7939759
137975
12680993
16152943
12842134
107772
4653511
25224799
31436109
826584
96629
72659
420780
6050822
6393047
14759334
17262100
13517444
9722217
24422492
18178211
34368744
84544
381489
1029082
4488657
6002005
542712
1099263
13337715
18334354
436806
10909
8477057
10600242
11737700
133394
25686470
20518872
20417
6176
16790
80534
79155
241387
3521484
243685
148639
6194
15811554
18869972
32258
14289
79109
3026017
303454
8718
6351910
152519
3300083
4808763
12439061
590327
52862
30125
723801
84927
15698
8537327
18693763
20983362
785453
361938
92717
2712967
140671
5861926
244383
15801381
20559676
4645
116563
285500
1624
7602367
6618272
13328554
8646
7617119
12814540
499437
1001312
180116
