8253491
13026126
442947
360918
15063
34495
282083
13548152
3933726
359809
13602986
198259
2380534
1044380
17160625
15468163
11948262
925361
161661
357296
10819494
13562363
7897629
15818358
1087196
12207
590349
2646320
16179769
1393828
12752947
10050155
3031737
16299254
7089888
8099597
7970507
18042404
1557357
53985
12369649
940167
18221469
18479422
7636909
9518597
598815
6601254
48793
13451888
1159798
18657412
18045377
15755686
2677842
24774
2016758
51741
9111100
139416
13344505
15803571
1629532
6382952
173745
20758682
17929950
18782550
17284746
13506458
18222542
13260515
12558610
12589630
18282724
18449070
153032
1672391
3368725
18455315
2074730
16079750
6657097
11291472
15743656
76667
13627865
13155247
9643445
17874546
17226000
14800895
22429174
2095427
18284906
3366870
17372145
11606604
20626492
18693704
