15924401
12460152
23310751
13690325
3407728
12973281
25215710
108315
23012014
11781431
233817
17559003
20893529
691336
174160
18454480
1389596
27433696
17925085
17972364
684505
13496201
5582821
3467451
18592700
16650021
3421791
18799330
23399036
17367
835810
20986243
18867493
1256231
3359
30336289
7288367
7693863
8515851
7391168
888001
24856253
32996768
18301886
1664298
10093825
33113328
23277298
7222262
500400
1044518
34037801
16130760
31352452
1870244
28486344
94764
9691607
4672
13486919
9754815
10795190
15823419
25785649
6153624
16161565
24923
10365591
85029
16131399
32858967
8549012
26171362
128670
24880187
14402494
3717677
24790033
25690721
25667474
20417843
15755744
23309634
11940644
6979760
9644001
15757665
21791408
19288851
60768
34688189
355862
22343695
15704174
32740958
32412614
25580990
4012997
24448535
243400
