183656
200572
48757
45102
53061
13638125
1857440
34527
592657
8204005
17236613
12527
15796700
17200687
19549841
4395
46231
434764
17799
6918909
12959233
669570
24100
18630
8716
13618440
14376
147843
19183499
13508607
3483
23753
18798983
15990969
74406
28759
3367956
17383481
13545075
792161
11298
7098304
92250
12677913
25179
50027
228333
11946245
15309
8811139
10993282
8046350
243598
17378527
9804
219205
13570854
6567284
30260
253058
68527
28356624
61663
24731
7137327
116020
7714
7930335
7165300
17199504
31341
2880715
17798287
296662
142080
15768191
6613956
11710373
1370123
32418
19314
7263429
42432
481558
92508
158420
10155
21480930
24378015
550454
14058818
18404957
8130839
22904
7425765
90619
7801229
6065215
833710
53064
