17264519
5886310
440111
7742801
864432
18056159
17311105
41822
17856376
580789
7962457
18145146
6583215
17855087
12764606
4371521
18144608
1846465
5422154
17993295
17950402
46612
16163982
16217442
332768
12961481
16069805
82472
8177525
437586
1275105
10661603
9818442
10719342
18469721
6398924
87747
914211
452211
12993530
647523
10459279
9883224
6394554
56351
1299904
56899
17160398
18392983
15701521
9212008
236867
17016986
13640691
16089217
13038008
8675098
6584140
18873112
12002008
7093421
836290
13157992
8609337
20416277
270367
13255743
1043247
12683634
15600
18478373
131155
18986477
17662400
18759843
523793
476575
18487669
1420126
1804120
17221425
6433665
7704789
6486273
15942653
19004928
483137
18938110
15698436
18652227
17909684
15793161
20673738
12866296
18816539
18167690
1867344
17738185
6509552
18604211
