13122965
51210
11520860
7328725
1206158
6417058
8586573
6376575
16172
2122216
6364521
9636371
6554495
1104565
10831726
154710
11292802
2323794
8558889
334014
3466020
11816685
175094
152383
87538
16054114
35402
291865
1884751
341340
13456241
14061823
475037
11936279
7804289
135320
39795
5341067
12606552
1310835
1955398
6954133
20086
108565
6503155
679877
14741092
2013929
1824217
10921814
734611
6783129
18279
12906665
823794
662446
6361118
17258310
16698
12989112
15988913
13563138
13563459
12329684
2383159
2195440
15777797
769787
882944
15709104
586416
2025885
11380377
9635325
6978605
11506675
14530022
11045949
1488965
4339138
17504941
2681467
17886983
17156652
12466944
6085994
9728443
10755443
13261096
15988798
8100979
10178549
9470371
18078028
1309025
9959537
174357
11035999
220748
6623879
