289671
409995
137045
820638
123604
141042
7072651
6399294
1773616
7104451
10664225
395220
10119711
22379
1125294
60653
2255285
697066
6938085
2347881
341564
624838
739923
353549
678245
102856
376984
9091486
367333
3782
8273834
6131786
428574
124740
16080113
13562664
17333
1030087
10054649
28692
83539
11128184
9531599
10648050
412670
40175
156979
8993836
307753
17874367
242159
156443
213653
18493682
7938749
6599093
196925
2429032
176840
2636749
2712887
22608727
82817
9414014
23117760
18885674
18359941
2226570
16282824
3167794
16156917
204180
1837710
11340586
15771462
2452563
14288
8852463
21796528
2573867
23399192
688972
12122222
6339662
23491731
79006
112274
222190
8124176
27152124
3606415
5490
9541339
8700056
21800242
21494246
1964325
44597
504363
31299
