6473592
29346167
545641
17557750
18827426
33098787
34626450
1607446
27834781
2238093
25295826
13393719
10378934
29960165
4701239
8365141
618764
8488763
20359719
23005169
34529106
36860591
6849797
35710320
611582
3357906
38619858
7706484
13484492
15374
89842
54340
202881
2662930
1671049
14031
135484
43323
5465066
2605160
181425
24519
116276
6443318
659345
24244
701780
455669
7130701
987508
9464300
271297
46285
734747
6218284
778285
4747469
7641961
9703431
119251
6516222
8480035
331429
850400
775986
3665202
294691
1177766
57605
7633211
10126144
12899350
10706337
7507750
1559894
8077372
4444949
1650093
804414
4582044
7519212
12447672
914743
873304
29921
2298975
6967958
937122
81551
263137
1093095
12170415
5024117
189311
1400424
880192
2946932
3197145
1017264
6526709
