54495
101027
21314
1831563
131036
1442364
1019742
780506
46775
1057502
2888160
71680
8347054
923993
90052
207577
97401
436061
54996
42908
804258
54818
1862313
91001
496670
476558
4443585
851572
3271062
102748
1019149
2870120
1933005
1498445
109961
54161
301561
6854184
201642
904965
1048041
630561
618806
2714859
3085759
352749
454575
279639
60197
289169
1522926
601740
804913
2939815
4440869
6239731
5947993
6588451
4287968
23010
6213703
6926398
344492
6368230
10476
11773
6869000
107966
132709
2809742
321647
1430980
3426873
277928
71549
51588
1202116
28193
236363
386047
468488
2493288
2595763
7669063
6972351
1627127
194578
3098912
658008
6443321
98566
6431633
26920
122556
272254
60974
7129039
6589490
2515974
837606
