15790857
13508536
22574156
25467491
1617191
414147
4312852
851340
13109354
74725
22907159
22173461
12945191
136113
22843028
11487809
18006096
18144105
17688
18132923
21461994
8716692
17802356
25768540
158788
232922
16074805
18937033
25676863
21811725
22816087
7896558
16147869
639894
25644947
15747708
23005036
25399822
2294990
783291
174845
23663098
21407650
135284
389210
2418888
1774421
24063681
102180
23623862
16107050
9755769
25726634
74997
8736477
7796735
18343407
19037779
97827
78523
18595546
10044140
18214351
25873202
105399
18364309
25007393
4600787
11804125
22812333
18296136
23500254
24892572
9248826
20995607
15873785
19429139
16195152
8372642
13328197
4476077
7935992
26225008
310299
13376363
23521419
13647887
3059244
18282060
16099393
24488476
25838513
19424401
15818254
16248319
9336262
8430056
6429101
855317
22774741
