11857579
2566157
20294203
11156687
17934690
12097166
300740
19540573
22741863
15801468
22045298
15718781
19628308
349283
137450
21854045
439983
23612194
572917
16361
23637987
11322717
18374991
13075659
953320
12098371
22999892
19107301
1386012
19423603
18178772
13001325
7863194
8110307
18994156
22266009
2857050
12990568
221679
20347484
15953857
1615449
24293389
16044763
22431058
706960
23388988
13448370
10776852
9548739
18781329
6439900
21857369
18660069
2485252
23545708
52593
25147527
20922361
25384853
13750446
22675992
23375281
11339526
18285437
263623
24611470
12924304
19286536
6595461
884536
3092143
22380451
24477659
22086404
143819
20821294
7315439
10170217
62258
22615778
58438
17316360
19308397
25449122
8109709
22694727
8813644
323862
17851695
7544944
25907356
714877
25886733
226486
6449448
17405316
25005936
16282347
24477765
