587666
3873
35805
327548
7169238
94034
519112
184655
25102
592806
119091
3609760
7907803
12283261
463063
31079552
675614
283494
8543252
16123975
11756117
37743
6667
7201
20578940
46292
231585
8949352
16163690
33144
31313
33896
5693
44011
10235
3072254
13982
10412
11742691
6753
511614
43798
6992777
125955
17443673
537404
13070346
3304
8087
11376
2204464
3475161
927979
13281637
18667779
1244286
7818881
733473
3028
9461872
128453
12810834
2923
139254
6596547
2120652
96647
2748
910863
88815
30346601
24658
3422075
7202831
204123
10400407
3657138
158516
24130436
596258
270032
17571564
10890
2784
43993
12958487
6545536
16068780
111218
1848444
12216302
6117055
815150
101509
4346365
201342
6763961
107670
65497
12458287
