28355669
349990
25559556
17830028
910550
24248704
10312202
320197
13529076
12391594
23548141
965343
17204095
16078417
22558348
30053773
22323659
2163164
6594739
15795357
9583247
28094772
6931096
1286536
18866743
25787175
479471
25071003
27833523
317278
31280904
25012206
6359293
29146099
1851890
22024583
18359904
1966332
9069044
16056822
31442336
10959251
9654411
30515786
12081467
15994601
10211746
6328360
30846010
28082617
31278746
1162714
17280414
18698388
23120629
18484929
22693211
6213529
1151990
31162967
30513683
14395
25600281
13537082
1658366
12503306
18274270
10938612
380057
30968750
30172212
129582
32184984
31568860
24830026
24701624
281954
21849476
13584792
12528375
24040831
9696639
23847971
24203234
31362199
21845122
1441916
22666476
11672159
23278982
19161872
16047078
32107
9527601
17465645
27827584
19500066
28511564
13171990
10931324
