9884768
9278963
20078111
17333535
22886599
18690719
3711150
1004335
6352128
10644631
11661298
124432
13507498
4642752
58891
20764916
24611702
9540613
233691
11539233
14894462
243206
22718220
149336
2436370
29604396
77433
25436316
819535
23213940
11680962
1343073
2543866
1191810
76412
342494
7989890
26109
7712541
481528
1471781
148205
2281814
570052
52366
472101
1300391
1321861
6306686
246273
6564
7493619
1042320
35461
13499195
11421122
16166065
670906
1223007
17311175
91332
75410
1970036
106151
1325629
1863655
17611581
15131305
10893175
1968573
178658
3038168
5158
12202480
385250
18141636
5853934
20757547
20663692
13153931
24637539
18799356
545061
22694050
22925912
10365210
61943
2728741
8456848
2358849
8312889
23476820
15805997
150222
15926596
25120505
1202932
895295
32880969
22320446
