26123576
11835207
9747085
17272496
15853577
12294752
12864422
8521630
108064
23341863
20754848
17826001
26200615
146123
23317538
26055780
23592537
18090077
25179602
24871159
23562873
26240757
17884042
3649147
17695352
14760370
25358860
26206774
24466484
310298
6476709
13481307
12389009
22822933
18139966
26770768
7904158
1280946
7455044
24241151
491887
8251596
12900806
592445
12317592
22663390
23398925
26144113
24888548
23116138
1029807
7993133
19049001
9707047
18455413
239734
23287159
20542754
25395792
26206540
17472088
20351505
25176099
22609866
313159
27844439
96630
21955937
26850573
18396
10235919
7775706
31602
35728
20696430
11516221
22022995
20821619
25192041
23374690
93261
18473997
27405244
7839887
27777437
21765249
25662085
9703069
27871551
22822684
1472456
17209645
7249263
17331327
21028440
28205678
10856821
1308827
4744535
18879551
