1351241
20452491
12399685
377912
18513585
24943741
5514234
1330198
9808117
18745857
79649
21466139
22585534
17334205
18982400
8637521
13355582
17124491
17836
10465290
23568266
23165690
65349
13436380
10465776
18691078
15608092
958521
1440558
18171324
664773
18686776
89646
22836124
25215324
123805
16109246
21750448
6871413
8427679
865850
22459998
575758
8532869
305440
8468743
23346582
18878389
23263813
5784403
28000
3151277
17564643
20220701
1954805
2059556
18008075
22027888
6574265
10327417
29738
18303663
10100352
16921
251392
10547888
13594588
4888869
169407
25461107
16281055
778446
32377
7877565
18579774
6633798
12121137
2011772
3334465
13072658
6527338
8356426
5997794
18070785
11607961
244478
20701012
8665327
10812224
18214198
17788851
14433012
20980665
22168383
44240
9734061
23309553
9174917
24236402
25580828
