17999892
15740944
6829930
7776251
5055737
10836471
6091497
7940589
20749607
68143
6553
1061557
8349244
929901
9646927
18490681
6519813
2741766
203899
6419180
13542990
161653
168499
21527802
25175898
18957
25793186
22215757
13549375
18667945
297929
22718736
24341114
1754286
23367261
32613366
26211806
11788809
34342049
35215900
35606560
770614
78629
124820
226315
14495
116478
29567
310986
87224
390305
53168
170186
601390
16387
6670514
606250
45258
5598819
10327294
179166
35806
16982
768950
6758332
17646
6609571
3818665
10757817
421869
9988704
2138127
7243508
8737890
149852
6013686
164236
28413
18829574
9051270
208916
7842653
25574
11995136
1258121
15773951
12852262
6327239
13541019
178493
10482783
327257
10356760
894154
13115995
12924326
17727
928940
17820485
18369048
