76527
4796
764903
270807
10204213
517188
767680
407813
51893
2832909
321645
13639050
12716010
17314430
68494
12172
567704
21853621
6507691
19494
23878
213753
95617
12781
429138
42156
12893742
18452
56759
10194514
50365
13376
46306
1768603
43015
48464
18521
25701594
45974
4921
4952
13539044
6604794
38743
9809
113304
827
22242097
2612
7742
17617277
14554
331319
126232
27323
5886881
5166
7572
15575
7933292
61535
68783
9736930
6493208
38980
2479827
6479550
29641
15858248
17717
17878931
15731779
420404
1971304
133430
8073
285205
6950688
9659607
44659
6609765
22285
34517
25494343
4912857
676737
13312527
37186
5821978
11553
3428935
1371
5695
1715
6431790
1829709
12543
3128411
13628209
19534
