18626461
52778
80834
1059
17553217
18143950
30628
33514
11254250
1679497
16067683
6437061
8196732
5872
2312458
20958632
23848145
74403
40117
28553
8952
115476
16074758
157055
210825
3660304
428
30193
2235597
439173
10397655
13490543
1127783
99111
36219542
257837
452220
30336
6696465
18966806
30653749
40290
2743
25099
13228487
78960
29437949
37757785
519933
42932
122781
6278019
25146386
121807
22886113
175078
127584
870807
338691
13119818
30152061
334286
8967
1672727
112756
97486
6457229
210255
18160656
459064
215631
1528410
62953
7747263
13530973
16248223
13619
272315
30228
347639
18304765
18296030
20443235
37741
143555
10073
8797
29939230
34445549
139390
12609433
53003
38343303
1743390
1729146
8534799
42512
15742039
10847
103342
