49628
6319
12898
119324
7937843
386187
4980
14706
1103
28676
7354
6936382
9969571
11324204
136116
6759
28862
15717943
285092
68428
11989
187181
8490112
7735333
3950967
43448
7235533
101299
14866
28921
676924
8755785
8664353
10956
14201
33
249747
13497
394535
2866718
53835
42900
23302416
22328
19302
34080
11422
5308
21996
137791
51496
33600
50398
862041
1326258
4137
6411961
11012
41681
690926
9460487
17716
18007564
4406
256566
77142
59716
17927395
140225
10644930
18765
3087
10664113
13214
12127810
41804
8709527
6644117
84369
31242
10987
10592
30933
7740152
5797
179780
112204
51606
14743
6485421
49436
30289
11901
18635016
20448515
156538
31548
1421990
3682
4268157
