14788932
12212365
22920772
16054879
13041042
11017669
25383977
33384987
32077652
36164647
28111713
18805848
6218253
943579
1666
35457416
33652251
11664488
32110458
12190308
28217831
18428658
836198
28145767
6387413
466175
37935175
159346
35248615
33947154
351
36068270
23287202
1573886
6439157
6370746
9516288
25036395
27258775
9824
32852855
31289593
6603615
25425605
2225715
36249634
32853127
25657509
18270468
22071505
37522412
26521451
1932424
30038855
16059346
23681652
10039557
29959587
13066478
2751116
542639
23485964
32656186
209835
135611
35064610
17883464
26816071
26846529
10254508
28954126
290389
16059838
30109629
312435
60885
784803
399758
95531
411496
526518
888620
257110
452939
28488
2480546
1823114
42990
50605
1478563
40865
171012
685342
1223837
235662
200137
2351970
6981
5204219
52083
