18588799
16039814
2930157
18773498
13455588
18045686
18801823
18775775
11413706
6265676
18659364
18177481
18688115
18690744
2628328
18805812
18395230
18772075
11797636
18802858
13409499
18721065
18808376
10852343
18681904
17872528
263091
19045334
15940132
17910568
951113
17826864
12607944
18947703
19043319
17900221
18810117
325916
7305155
1292667
19209602
18692790
12160887
18805001
391850
18046495
12363948
13059054
18939030
15771855
6565366
10756788
18755640
18682166
7172060
16156916
7743783
17713585
18960990
18143832
13589123
24249
9342921
847534
20317261
6099731
18885756
15803170
20433978
1348596
18900118
18771046
20406396
20442445
513523
9999795
7716985
19088812
17673324
19022707
19404112
12581313
17159011
20411784
9699011
295016
20493913
212687
16443661
17159189
20436098
883801
46529
19283956
1264957
241388
209638
78082
20567018
625603
