21840173
6814423
25372230
30317562
119323
32509878
26247008
1897049
127515
6186452
18176309
8527836
29431798
30830592
13138505
19105066
20263040
20561606
15757035
90664
36219054
26025580
22331535
23807578
25736913
148417
198898
215693
1023214
1978
322253
104447
367322
1107296
205854
1595246
31555
31089
843846
178206
3063563
3637223
6199124
99966
771577
2242595
578428
50851
541127
170650
61994
6632277
11170
730376
29804
24155
185253
6342603
453526
682751
42146
397138
74257
107288
145561
246097
219740
29122
655427
379142
112083
203499
84392
67085
6661489
24888
2777561
5715231
5743462
3781901
1685350
6880871
5071316
464036
384311
271263
6962816
6011752
3696025
92184
6411440
2974897
880388
1043312
71788
633274
60969
7092697
6915117
7039826
