830265
6033480
12591359
12011477
97393
2172703
9588023
10776
12702029
11967493
9058924
12091789
12196789
1111630
11695938
77353
12275635
5979145
5729
1665807
12977584
12328286
12751521
11234478
12703250
12919425
6254836
12935254
5946516
12901781
265200
206327
11244026
12964018
12204117
11889222
12786675
11316721
13014526
799158
11494950
11214564
11675913
9668661
8490969
11302216
13025430
8453368
2992051
12704008
42718
13040585
9633181
6400079
41457
13077220
6062415
12813058
13074597
7889419
2575969
386990
89547
13125954
811439
9535905
8173152
9860359
11803545
13140783
296901
4727770
13142811
12827152
7092306
10960414
10148600
11382304
12087835
8707741
13272928
13318534
13221354
10237334
975885
10335647
3755301
8334925
40892
12539636
13400457
13381880
9412079
7203725
2900911
11914390
11461997
9531091
12621293
10230881
