12154294
16059409
20851905
2315637
387562
16457402
349417
32804930
32776888
9961622
953403
3137637
25428125
28429520
577147
20561916
32306550
31859854
9111908
6488554
25150931
7233345
30228745
17621248
31395221
32671739
12563704
12477
9239497
5982195
21024
32662228
7305714
25537883
32999268
23534398
47645
3160662
29440795
3188964
28447860
30848550
155987
26079602
15819606
1734176
32940913
25868031
15721120
32503381
3115262
597320
15853797
31276896
17794220
33284048
23151229
2508213
769507
23129
32605660
59283
30337170
28761
10438778
12969596
944652
30237909
17176
31299479
28273138
23573399
11822933
26216723
938344
18276891
2923472
1891030
6341778
23280166
11803016
27233899
32665692
1364217
18901575
28954134
15731662
30367410
31447045
12146528
32991547
33655366
22722531
20550148
313277
33854202
26309684
30122504
25916132
33517287
