13977422
18631221
13983
28243057
16692883
23460947
13637233
17679546
17038017
1030837
29763063
29243630
856619
3762747
23867155
29739543
1763529
35427438
381280
301058
557405
169992
6557847
443956
838126
77097
282092
818096
688975
5841508
69647
7957420
116977
608601
1181999
156530
9437571
39092
450563
258721
210243
32832
10334572
57256
4597059
1222807
1624581
2396827
12437907
17155995
6564768
30895
177360
1372415
9694311
828866
1097802
942959
17257987
21121
17195028
2295674
16084973
200909
4609951
4258529
20883450
18078251
13330537
1184484
526014
8660468
15808323
6309636
18007634
16137916
13566655
521118
6761901
6462825
402744
6435075
7791
13543594
412939
22875435
19802
534307
143495
797079
3416531
99470
5552635
2429534
3872871
13147624
25893681
24611582
64664
23813322
