17951501
18685032
1629940
723621
15700338
12946946
511227
16763
23265973
4479186
26204674
138167
7796661
16192890
646899
556390
2038020
385795
23837226
52358
2254519
16072202
23492613
22008036
25534659
10944908
3765599
13602929
24380988
15705011
15698416
896929
14583422
31662
27993250
28446169
588200
6578787
28268873
23309637
293453
565565
5933841
19395553
32491928
17309862
18618842
53307
12433076
890965
33839294
78415
35900943
6147366
24941579
28503846
23012124
36560935
43364
747599
391048
103592
5931
794095
66553
86424
183822
2871364
437676
5547182
325382
4701247
220805
41703
162923
1976714
7102544
6033257
954697
1976
8192373
6395277
6478245
192955
6029797
906484
1165023
1136210
585134
820465
113258
427067
2220416
7224584
150129
5043759
6412946
258952
912774
181276
