6061538
626096
259068
11038479
7717066
109520
13256064
16173484
9542439
147993
11945589
304209
17191029
116697
14288412
20835408
18839092
8564790
8
18621194
13547180
160588
15688
35162183
29430012
35744961
27467291
85391
16130
2798647
102857
226369
103180
282773
1211950
78269
56634
6599113
6938348
2669405
827412
130115
9858714
110896
700604
10421390
720234
7314827
9595620
17901410
18914978
7743117
20445713
11256293
186669
1607269
17404295
22297138
22208238
18336965
17306293
22840421
12510082
30075802
37800193
38230346
4954
225384
904896
79378
35514
104091
588747
417640
126061
7719355
139009
890680
75003
64948
8239438
8462184
138269
71847
1391817
7099273
3423364
11660590
13466202
16954
2454986
16050911
9684523
16073993
6404621
18891400
11016697
16163229
16112830
20367560
