7146693
6393997
15958209
347752
761306
1720187
8198230
12862036
1157260
3318993
16069471
11332953
2013
15734528
15830337
13085609
6802629
8572982
54209
16073179
153592
11694
13531506
228204
16141991
13425941
16282197
9478000
13116203
10826024
14411137
510091
7993952
12732267
14627962
131094
8483864
17085296
242936
3421140
7205214
13036
91358
122312
10746419
8582356
16064899
74482
7826204
11740495
276514
12962555
15827382
636742
15861292
1364859
13629828
15738256
16116139
12473983
10283434
401430
17237440
1369974
14415420
6603203
13489310
6380409
17259417
10029507
7944987
6232657
16300774
12924333
13486788
6336005
18238
359826
16059057
7775757
6531
1748408
452152
3182582
7599243
17090721
7844667
15616
6620129
572648
6797630
16090365
10786002
559937
6816968
15995593
156775
1240548
17334914
1130000
