245707
3303523
280125
337019
219845
6097422
8246
121410
1493980
6051237
1793509
767504
83829
11344621
10897170
219813
7343947
301825
107974
633850
7005615
7263818
11297376
9449020
21322
6484260
509700
181665
861539
287083
676640
12466510
463376
558655
9525402
19221972
2482930
11474123
478071
4010412
6798947
146742
6046189
623381
324737
1032696
3199771
10081849
2900133
237815
228926
8470445
6570737
9733795
10865075
13553426
5985367
12488384
76955
13354343
1117637
6722203
821355
10322436
13496177
2262322
6215865
1050334
2894731
10084223
11448659
1000589
6780522
962035
2698088
43574
26599
10481132
108385
72957
827177
132676
7824211
13698
12486526
1815
172773
10053339
7096013
1222808
11414907
47754
8675320
310330
665049
1067145
436148
578731
161056
16083133
