515057
2507415
2002857
339187
744980
4545718
13001692
236017
221304
11403577
3484906
10339851
330754
2598178
6282010
12073877
6362670
65336
762040
7840876
36636
8008215
2050000
6408205
215170
2838783
9018370
11103340
634263
359798
13493376
595405
13281416
2153238
13811
353157
8714
176271
296184
7062980
16120634
14625654
15756835
279673
747252
1324972
15754052
860560
10903062
13043180
317056
2403360
15849504
5547840
793065
10283324
6780702
10156337
853258
7832159
20758801
16118160
286445
18715670
5229136
11049444
15773173
9043061
2512269
11809784
8579907
1657368
16161136
11595072
22104769
5868368
117566
347206
22297173
16039732
13501217
137526
22324683
318117
171731
16070256
21543957
13552229
16277353
8783169
11459303
2210191
23475917
20715706
759559
14553484
170165
23348129
11465972
9760071
