6203049
363851
114162
19661
3567200
3586
10814946
299514
83146
12886599
8167001
17267122
20510241
26046
4815886
378639
1210754
2054761
3326828
736131
26114
91440
428862
8694331
5982474
400924
769658
13374593
356824
1713426
7147831
19081403
86737
66693
6697
9784
4957350
74275
98920
39020
32349
10859323
8619814
46191
588704
88514
31451174
22327
4909
588002
2850535
2870651
11595276
6671
16217729
97411
80447
59647
8182682
7682
6897264
6375561
15894829
18188649
18775297
23884
25001951
37795927
24970
105
6937878
3360761
13624367
16122163
12968828
23287353
1912426
263172
2272813
349090
10108
18044158
391724
20821614
1161439
3047849
25191
62793
13157
556136
13521399
7015403
589979
18751827
22369406
797165
820924
164718
2208767
472025
