15749887
12911577
19408900
13547152
18220866
18899776
11880293
29938979
18470470
26190355
39093
574127
18363176
17669036
77079
15729602
1432299
672376
7776692
13080670
109692
8792472
13330702
11416870
91553
16045740
13104475
273273
10650073
28012675
23546815
12970162
2283458
25121126
22546129
22504678
11236063
368822
31412312
26690
14374
18170985
17702285
23482780
2785686
1101711
13513403
933
348206
8444951
9359818
25529263
4523395
1327747
15558
8576098
31956951
4186945
35828620
381989
23248119
6786717
29432343
12979186
25775358
138428
5982563
2498187
291838
25857011
2890680
28572095
3813257
36593216
29744218
13664916
271587
15755549
16101156
9661437
37658768
53687
360992
66657
37276
775864
310194
1214499
294937
28899
369409
1427349
40020
141596
3895
281691
84736
413617
232268
4071569
