32674365
28790611
25563522
30375755
2554587
34704992
37643484
36514516
32939893
8752202
12759224
17621856
9464129
25907472
6172169
19644544
34348320
170448
33623041
28008677
31352119
36372914
243604
176108
16466573
2255345
25402091
34272482
151511
6481686
2495056
2122687
6615991
32326888
25692730
31867358
28931624
18049332
38587288
28685031
30116153
223634
27242743
38723459
34796986
18046937
34852843
36233827
26032825
36100966
35297562
27430358
12073240
30076608
32055872
34037113
18077875
39094598
39293656
764270
539181
59369
130519
414692
11284
342362
233292
2553472
44399
534480
128477
26248
2171148
3244570
137795
229033
687619
715857
230877
2741718
112191
6004850
630238
747558
2368714
50181
53130
2875746
2413237
3071102
3400647
2134448
357787
296363
4608
6553258
6456111
62482
1743208
261911
