6948489
145168
6887333
41704
864554
7863604
331253
10191869
67376
1532071
455523
10300171
9879625
138551
9462364
6609535
9592500
337825
66468
662564
582812
11253978
180066
86009
7713104
282284
383626
162326
300043
1257996
9895634
7675580
590210
1207061
883195
212833
1175227
3430774
2884299
1108884
79129
590820
108982
250361
8185871
7178978
308896
7040389
7762887
2483453
6445325
162331
59882
6829957
969310
1101118
218463
1179956
1104776
8509434
176521
169881
6013895
9706047
1238099
12078495
2672877
2370330
288956
64380
44488
7903901
436904
570633
7995207
2060194
7923163
1814637
181416
77125
1250373
8491419
1704756
1727625
1262999
102736
7078265
6075576
355406
95044
14183
585135
5153988
6728427
8882181
503207
11286888
427062
610189
2251776
