16151309
326870
4810964
12486238
7953155
25689018
13628713
3003089
531495
13552145
64550
8646050
18773349
22820741
64417
20597260
21822308
1851655
231914
521175
13516311
362505
21399166
13400492
17916506
22568460
186444
1507006
19164437
1937398
1873944
24690468
198483
725789
15270485
7487564
13586743
703163
12694775
22635834
17682406
15744635
10074
934567
504126
232738
11542895
130200
16101093
20980791
17288762
26034765
25963015
8515574
5096865
16129479
16248220
13456147
8524080
6518202
924680
17252770
18941374
30198696
23214019
7111720
3417915
9748230
7186244
26109442
30283334
9592975
13498895
2065398
292868
179639
452570
23872348
32707870
836559
35065263
5960287
31820148
36380651
21524241
25194109
3623273
25047158
145172
35277384
5289838
159069
580002
1840452
933549
271255
212933
634291
273789
402739
