15721051
6573
18197756
11137919
18942961
18054196
21857473
23349514
15802681
24129803
304401
7606091
985133
2385463
18337719
24953409
21873184
739902
20969698
25002451
20930771
23718993
24980343
258950
18143692
24893479
24522888
23668418
24841650
25037224
24981303
23203724
24309641
24265751
2224813
22371324
769443
23565008
23834082
25103677
25016249
24332065
15733579
13410149
11919653
13360957
24885622
24779487
18755837
10102214
21523495
20889313
1304519
23582736
23638035
17382425
22881433
6238142
22632259
22036799
23924229
24883294
7139340
17927956
23791347
12067894
5889987
20930200
12502226
17557070
19486754
13486177
17660979
25281164
13742045
24913142
23223870
25262615
949040
25224752
722117
16018826
21805265
23449205
24975124
2513007
19485109
22071605
1829115
16275210
24307444
18114509
25206081
8466973
20805402
7118086
17383934
25381716
24806808
25237928
