20575425
25420293
25140882
17980328
23159652
18400802
19302956
24903100
21240578
9630431
14069836
437228
25379420
2106193
25182269
25436001
10550095
23167692
25232065
18002681
775503
25222860
24421941
25491363
6870698
18934742
16121661
21886690
17161185
25035244
25155125
25060209
20576134
17663902
25505799
25169466
18298890
23666591
1393647
23281939
3487044
25571075
22568547
6429688
25104320
24527513
25439754
18810929
17373314
19287299
25176833
24568450
22916289
25565443
20313252
25189090
23942402
14062078
12407466
25688314
22127119
24971510
4446853
19212783
18206595
25686127
25716028
18964659
7986569
25444612
25547073
22878967
23254321
12411512
25337672
43535
25712519
251197
414146
17975557
25578519
5900527
1404813
13599403
20748490
25381750
10689754
16045306
17794325
9347470
9676673
17900858
6011758
10578304
21894948
23156378
18942966
15750874
20799751
18247176
