18599754
823062
1140942
23438288
28678119
74033
114184
1189399
224439
6486483
11429
9349915
11187937
312260
300045
70105
99641
136189
7789885
833923
187633
457060
3553395
37609
3492825
15733523
35503
13621089
17968674
25159239
15774122
9864913
22313627
16163526
28257707
33161035
86663
75586
953962
26482
232123
52872
122856
351211
2083991
114936
11290
1274345
4566934
169751
6345193
123106
3654372
541924
6178354
29386
9296438
938544
13548075
60551
9729681
2549004
13012638
259655
18411969
13576132
15835031
18464372
18744040
5987504
23252584
25785357
26236443
24763621
6324090
73419
4630239
5245026
249606
4732276
6261270
321572
623976
1891296
7327327
260791
51944
675323
50805
968403
50696
9132056
7514925
1673987
12162432
11842962
889615
21943246
18759355
662768
