1146750
22915617
13511036
2842492
5960371
8144897
15835877
23174439
1861535
15837539
1493389
17791526
10599735
20442109
20632650
10381472
18693362
8892943
8126204
8074845
52740
22589377
15807056
22024734
15808774
8567584
9859436
13182638
16198346
2378914
17693017
12366808
11521304
18308526
197515
21863297
2691613
8067414
15734696
4103282
22022476
50548
300196
932634
611843
7794506
8293890
6121374
10426868
16078317
260776
10689770
461718
15723902
1100375
449017
17713832
12176927
1404932
22084404
41999
23612407
410237
20883640
20940407
18052066
750165
22387506
18885416
11510229
18659745
2507629
9379365
18529022
8450421
694270
20486912
13570725
17349203
18248682
836339
17286958
21532198
10596358
4428698
1596376
16135109
16137548
7841672
308532
22845021
17251556
23700870
18656310
152057
6503795
23822521
21412466
26596
23119797
