31851568
31680423
12432915
1467
24493717
32148570
2926598
12696963
2155419
38649356
826342
20411297
61204
37237969
22602340
24907344
411761
515431
13454
195016
746664
56016
121120
1537221
467573
396587
6139362
6125225
231768
5984
420324
411828
826582
5712398
5291478
2044121
24149
43886
111050
453528
1151519
14460
7906
145564
11077
6125583
246084
241386
101381
531042
219727
1629084
49255
6286042
234352
214948
1968772
1142347
1249643
360464
1157900
1670616
1927112
239870
272249
268598
957282
3064146
138444
1962494
682982
60977
372384
235915
6877229
5071514
869907
1496317
271266
3172967
6272298
24889
66089
2871250
7720278
7663760
175245
3351599
483007
1091801
915754
950143
1668071
6177493
6340837
3112450
9085886
177132
76403
6369471
