26123136
68427
15505346
57913
318525
113310
3992598
8520610
42058
58922
193755
42389
2115
19117
667234
11947829
34494
476543
10032672
24830
13089710
112537
2241059
33609
16527
12432220
24983
12853168
331920
38501
9516
3690
540020
6138
6342491
704043
1314332
318431
61666
8428064
16102004
7603
8659601
63033
607639
1540
43933
5152561
6381205
3432478
2677
1005
8600
16140036
1162543
22288
22918050
119829
43945
30672
2517
2373
12083
325085
49338
3934321
166997
19181419
13615
6587387
8525590
19351
6581511
9849568
390711
27333
68487
83143
781787
9593913
17803
3140
28381
264158
20803953
9822
18989
6101138
77262
95558
568236
17184
47953
7198988
49041
47624
95693
394469
248484
393199
