4857538
6250169
135617
154798
50718
316558
13115556
13223523
12224527
33553
3453791
16148944
314240
6534932
12855784
13506310
13144142
17504320
9086994
13573400
11550
20958091
157387
17800817
12358
7969618
45205
97042
7962335
15812779
860979
7114671
8437667
20706284
15726915
634747
10506237
17798475
601462
23301770
83518
1961495
77344
22066090
22583196
6609764
17235448
8653211
27237358
16068916
28950258
16065004
23492589
17287069
464164
35757880
345474
1938126
1039917
616694
366835
61152
736392
400329
942335
6966343
24985
271264
269713
40450
33297
3408199
6594657
80678
2017056
163294
7706970
208324
6764886
36071
27719
30010
6290240
60932
9728761
425898
1121430
8483233
3692151
1186155
48811
65686
533465
951060
10773791
6506483
13600351
5136
54606
12954783
