10955056
18133276
6596839
1427029
23848019
18770394
26722146
12946782
23341862
11766477
8479967
419280
23248344
4014294
3785843
7388232
13148808
26514265
79515
25066741
8680389
13423153
8143390
16165529
23497854
7043038
101285
10750
34028094
15814438
885794
31151536
914800
26689
15039207
192892
2842177
17669949
11324
348205
916914
10305156
17332422
263111
15719896
714807
21453662
390274
15817821
6977328
31281323
6723017
22237317
219069
47708
35276925
8949849
18263651
17448900
122410
34224214
24479195
19161806
12269918
7959780
2256229
25648276
253077
16168524
37512822
28442819
9677
119494
34393819
17679520
15018
10508716
6438762
2091812
2299675
566574
93598
2079538
42631
1318536
402036
56738
312085
274138
2254874
202632
670359
294084
258345
442796
321538
1763355
8303402
634157
952284
