18522643
13547135
1167752
7157722
23492671
25324132
11828537
10429347
13130275
22369418
28818314
23203106
28220899
25246592
1087184
13065
546721
34920
175040
381713
47924
122947
481550
769016
138097
582533
734191
835458
62471
112874
78674
71787
6135576
6192165
8138232
92846
3375897
156565
1951125
3295696
7036997
17487
8492
10025007
9989287
13318633
187799
13380138
10335701
11859244
839077
68524
7671562
744321
116988
420744
11512688
8113994
1956954
7314405
16762211
8101452
13583766
29881
49176
38505
15774784
1091318
16121427
125542
2353037
785003
119512
18051527
945276
12924261
17235347
8192391
20443529
73051
835623
13478341
43924
209390
17766752
6320247
60364
21488711
23622387
19138879
22822928
933802
246225
44187
23399287
2223328
30992254
24934065
20968
22449288
