105202
10983167
17377749
18103641
18103387
825419
18085024
14387287
3146329
2016611
156873
4664989
18131200
14459358
4310056
50035
13425570
6699199
15714640
15832231
95429
18166527
17914163
407816
16849951
10103230
18140681
12288333
18187149
18078229
842309
6681613
17205669
4330
17924822
11599841
332510
10229003
15733578
9208676
18166849
3214658
1798329
15877676
242446
7107180
3551237
16130956
18146296
288958
16039818
18193684
1097911
17665481
225396
13101349
18073161
16481471
10389149
13588409
112480
25935
6905480
515885
6673178
7113290
6356526
1601709
272716
127439
11426715
3427390
17729662
18215028
6376527
16002525
10603056
8772077
15842076
16161094
15810471
96131
17860542
18306560
8712
6757966
16282616
33577
17384676
10973495
18275463
957355
17325871
10786926
6604869
13623953
9500914
219376
16157099
18430594
