237086
17786377
18480662
179264
1258333
17999135
23438427
650584
24644867
22587955
8438589
17337543
3359441
22891356
22372599
71459
9807272
23590446
60614
16058645
15733451
25454580
17251093
3486235
26808006
11737313
13614864
21900147
15741217
23722
228788
6665889
2081377
3973924
18849994
17118897
8538135
260109
500182
22907596
18813012
21416141
109487
22806049
17406982
21254063
25590067
1713673
383514
2074104
24285536
28698812
29010528
15961136
20262067
17314582
12880428
24903989
13261812
6015693
10044669
975953
16033024
23519340
18076876
29742514
26845691
25128811
15744875
8087526
22916606
9711565
13571757
11841579
17065704
18612901
1481056
7799004
27074409
18780704
3145268
28550514
183845
3288319
15770223
25628116
8133800
24396876
23832047
30344537
6639758
10349694
13175692
15798757
31833500
22895725
3679152
1368922
1753345
22743229
