2246958
510247
17204
13926
158771
12637490
12857
78950
38474
23000635
93371
33506239
164814
17828418
18304
7912007
33540548
29744
50827
205189
5452
88061
72223
535739
24520
422728
116114
13354420
341281
5355
424
29283884
30331
312043
316876
12012999
7476122
28689
6460331
104734
25688980
92365
31931941
11592779
16992
303460
9282
6977769
68497
18403921
30852
486298
30068
38657
243229
3276637
13184992
18479831
13503109
1499340
595375
23594461
9864
28405
592221
11607
22026
10710406
813214
9413044
206236
7875327
19350065
256598
26264353
318404
9531
68380
7797874
9369687
9874342
13281368
11544421
13533650
164531
529243
251519
3047851
12021
3240691
592191
13537640
62798
251789
12013
2149535
11289
17297487
84054
13137
