208
4769651
12577
91953
9293970
6820
18129852
5548
394689
192893
18142329
23770
118345
870160
628139
311132
61926
82861
34919
6393972
251966
520738
12478533
10535171
15056
169848
114437
586852
12135215
29920
2197227
21956060
158674
72003
17563080
144925
2038010
25912358
21288872
228063
337615
2277444
557658
153540
28106
442819
401838
99297
1046450
54807
27594
4986
50856
493051
95607
130352
446542
10402992
51506
18304322
16303
184618
228991
138683
2081569
73089
283022
5989573
402015
8087823
74404
7839024
556629
14386
880
138811
267910
17977710
22847812
28330738
70288
29925
44361
87220
262762
294395
79705
6304351
81026
951454
175113
6950445
23066
702573
60063
9534444
198719
91714
130363
18005373
