827685
8126063
17409269
11044367
22923997
25402
74862
397985
2195309
79909
53625
798902
60279
33564
148584
6723491
815234
60930
13990
70884
6357882
102458
49008
98405
3972188
21438744
17306969
944661
23016659
6553843
22886112
147360
239404
647683
90233
714214
549938
7741856
776891
25059
15157
551876
347698
7830973
7807446
769885
734914
7230431
17469800
16131601
261441
16704759
17660704
253984
5575
3954279
6503486
308581
252502
28134
5633958
69652
133266
15154
6289794
121606
238959
2715
3513471
8608740
18472710
13007638
279644
231826
22841551
311127
116567
81201
929007
3882844
665571
1631742
1314537
1689628
135158
9490
2044238
1507992
2148234
246938
63803
5290189
5067665
52879
2182766
752721
1518738
423245
367679
31177
