22571275
1774836
1918305
852401
685
24472
8293938
817019
6969361
5199022
8554005
18104607
5111039
8968
8458018
13568322
70241
5190
3678651
7159515
10893138
937020
15807
37677
8038219
6697305
60926
60937
10586539
28248
12027429
16188
33313
47994
15820748
15801353
72657
597
43931
4946005
112751
13568619
20579287
162719
794779
759960
32682
7069751
244261
9496240
89370
2003625
313263
248103
87425
374388
2653762
48862
478894
44543
9913
19330
6261189
345627
263148
5289
421007
1297150
6489529
7199667
12383869
348
11279
7130745
2255
10473214
6765740
6255144
28815
1820716
20646604
5135
10915
52251
17317675
45967
263171
6581303
18428067
153779
9917879
17883441
693172
77507
612188
7886302
12439057
189147
861326
6628
