56649
5596923
9027853
11785
3060485
334809
2592122
815263
138397
10543382
5984943
2513286
4954543
6282334
590323
17909
6282915
2353903
13252406
756712
6723348
2640775
420317
78981
7388207
3282067
40378
711232
3659
231850
13246736
181694
20604826
4601396
52762
3082951
647954
13138734
20617377
21413662
355656
19504964
1126719
17164393
22201
20893314
26863057
30065028
35365
836607
84730
2175442
752540
146492
116343
130512
10989
603189
77954
187060
311164
11439
201381
30833
1220721
2643537
1812654
7171882
7512
1404324
30007
456058
19506
7882806
1048897
14624028
7948230
9798470
17260623
12174312
48795
12735319
20758870
18680645
790291
17222083
15826457
18038459
16177805
13418864
18077836
292455
22375715
12180581
589995
7735399
1937397
25263557
34879438
394734
