15929771
68631
3303477
16085359
20423136
4758917
239102
18114797
12552346
9064899
1821737
15843258
13637908
13514251
1123269
22674772
6583205
16081655
16100383
16102760
68890
327742
3361023
21317441
17154753
23388666
1895875
260537
22642024
13636400
19290868
54245
9517916
7237170
15803321
6315424
23948135
154416
18900695
21411409
17705118
747060
18143772
6464110
22494636
22092769
13096933
13227761
16044987
1924504
13642663
25107458
19202490
589904
466462
20359470
2919662
17305670
10802210
19488665
25066292
9838115
25798713
18114291
120417
21800367
1914192
58226
18050104
82120
20359700
3018469
26131139
22543949
1913178
429483
31068
12202947
23533708
550416
185294
18331183
26834758
24467333
17449772
13637616
23215445
1048335
4322195
15802450
7278752
18635142
25699338
827814
1597101
1309367
21126975
80226
1881934
9395668
