112750
15622
7664041
18545
16096824
6262365
7944648
2203
65641
682804
10534
2118745
99300
17841
121749
6853
304027
78433
7869
7631105
2767
1554
960
196970
4953
13831
16286
10965
415
14290364
14249
17125
8682
13642
27266
12000020
73968
78411
3478
3388
19351490
6882
323355
10967
18423
89717
2156
46756
374233
37095
16143347
16081272
7061
9416
47989
17675462
1431
292408
42898
76401
3109
852470
13414446
140082
2052
12914
5098079
6654313
2967752
32423
667
50798
6440
3869
10357575
1202
110494
14995
18512
33917
40024
11507
41684
3980
6280118
9532
77295
45107
55030
17212231
821611
85990
18460392
11337
4982
10374
11125
11334
88077
18006496
