1328363
10587120
146109
44184
91760
18398089
20557510
17333171
48758
418
474078
70488
60925
22323
8479092
102259
6973772
420782
10121801
30016
60521
36058
22175
17700010
11962191
25412978
709054
352428
169836
38562
255458
1620913
8542996
9738483
31374
6871737
12861406
15727731
54258
15743072
149543
630103
630104
9487
6050894
39030
998
6922622
32105
377993
80631
7640261
899392
22028
7597710
1071955
176892
15743075
25906415
274400
228345
58893
153783
870461
43327
286136
165782
228244
93729
71869
7519640
124923
10767466
8662135
97860
128048
79484
621687
5350
199635
39097
12950372
25975141
1783289
49158
5498077
149405
7124921
7704979
24764
239065
7129468
8685644
13223349
179174
11242368
100629
28978
7943678
167302
