209311
697886
251838
15851920
50244
25756072
2199631
13511369
96110
1640883
184196
29550568
23358216
22008040
23385345
11727777
5508624
11327145
9903804
13997
6271800
25478754
25738989
29063391
1718916
45490
28268831
64634
6668
31945558
65114
1042745
39390
18053840
22255771
29909163
11765
22693811
32707506
2169313
240129
12344319
3652160
12138331
35522798
13576
4798
304821
977145
161806
1433935
680178
28359
816085
2774912
2871526
460248
1334556
596260
3265292
198330
162921
128757
239320
8485254
6480607
202372
353937
61662
486210
6834864
699484
203922
4813
62158
158818
8167094
883674
12324733
4027093
60057
10866
8444681
2290538
123683
539770
396082
28419
3188747
811161
1387399
7145258
2101984
737957
7894642
214841
2213486
9314030
2626157
250027
