16035258
2858426
23215466
385059
28588345
22718798
26085520
24548235
26077971
7114176
18674889
29975820
417065
28480416
31349426
9596372
444327
10589240
25526296
381072
262545
153418
303073
22774
567610
92500
57901
634407
6771684
102142
1002520
555987
281152
762504
74462
1720099
3032314
206682
76758
6313326
394228
6289558
2781816
3788
38412
50804
22893
73932
324748
1099648
605015
10810038
144538
6578507
647579
300044
838668
108980
108979
7824997
10720733
104069
1207980
10801027
6495228
161788
227462
31488
7031834
9068791
6060130
622855
25624
871
7224154
47701
105232
13448374
13424848
1835150
15760502
5950148
12989115
5148758
16689
48503
111388
22908
2332157
13627199
8147
2437710
6462570
6987527
6184241
935676
6687176
13222508
6559316
15757099
