10555031
190238
8524429
4455195
2888926
8477626
1871379
41487
11105002
13512781
18002947
13425917
5739373
13230186
13637705
6357433
999074
12981613
307220
372623
11210761
1996765
343061
192888
743817
8273636
377991
14480004
2535743
15989598
3011919
19197225
663914
12567576
202464
559625
146559
17253002
12195724
5983946
17277755
10378813
8706170
11082037
15060
220755
5819399
551983
2781662
13562054
8673932
1661460
9975214
198331
648010
36588
18691477
20758519
17043706
19412069
16142151
13455459
10425958
8935883
9283478
18231367
528361
292846
14069
7193970
20946280
6203048
19077876
18223625
15726780
8433695
19253120
13514559
13157070
21841757
14758892
7877758
1677996
20417707
18241740
15940448
6278245
13451563
15727197
18191815
18788435
8472514
12092375
18143768
6327610
21491054
8678316
237020
6380494
18005647
