11039635
116512
2087365
10234747
9009787
10775606
1803701
11394334
4328108
6203318
11479606
2468960
11203471
11317004
9776876
11388049
10903967
651385
1912562
11478723
11474933
11301765
7079397
122901
11707205
11511865
6440071
2968555
3508012
11682486
6949517
2299887
5985262
11767984
87978
7306405
181086
10392429
10641239
11029677
11650112
10170230
4955627
2834255
11541833
580196
11813450
486714
152883
230812
8982042
10764388
12006931
11537129
6859885
1566001
11929445
11979226
12093021
409636
9916356
11660106
356287
259693
11703597
11767918
12262737
1352822
12909098
7911684
421122
653048
9373213
9642101
12196507
7170963
12086913
10846421
11801307
11516719
366889
7641259
10792858
11034804
1263250
301727
2985546
10391956
10444714
11488672
9745711
426912
12499544
7712971
12353556
152427
96160
12144652
12518600
10852325
