3147511
1059929
2387220
22082972
22694766
8225859
10931598
20578452
42691
428035
959613
22895738
22674054
144794
20650898
12389698
22593592
710750
17334051
15792510
19380557
17257584
17466895
1544079
6968555
121178
16003989
22908143
22174149
22886742
16130021
13254159
4173112
23162221
18406158
23158340
22854779
534715
23160140
23197199
110248
5735513
18303178
22469871
20762665
9754154
10607462
22598956
23163605
9003854
22664583
22743035
15744141
12730666
23085317
6005113
351023
23267257
145660
22062483
18596879
18734343
1050383
6950253
23269588
22978682
224220
23246704
21408690
17251814
22916001
7568425
16700511
496303
23349787
22027599
22066424
14426996
18869291
22590503
6348905
22466917
20578795
23006161
13013083
17731595
23151687
223734
18630964
23175906
6838686
21399815
23393898
16255632
3925836
18877657
17929199
17466894
13173494
22617192
