12593380
1460324
1025850
12885750
17238579
15991079
6460146
8288246
13297069
17152940
16244392
557406
463263
10682
16636589
171201
3220316
7693972
4776156
11941646
16089223
12467865
6928893
5279254
117161
322006
13480580
809894
4305074
9221733
17285989
581802
16155373
11824
15810475
8602695
1000931
3030779
17212424
18243368
16158489
9475197
18009844
4391492
414103
3609537
18177306
419085
3347736
659577
525285
15811073
1406553
18053913
1774130
496102
13561742
20437650
12246894
15819003
10346185
7753299
1003454
3112943
6814625
6764230
18308262
13489955
214528
9943426
18397855
20758552
2610233
1660305
10068074
145009
7113
18740588
18996573
7980210
16161550
18811808
6294481
19579160
537657
16130410
9209879
18484935
606928
7926583
11412145
10838312
19177809
17565738
11285699
15764997
20652742
18107413
7801488
47819
