440122
683006
124750
12680986
169004
95381
17335
3766428
2329246
6071616
16063213
9191050
373411
75634
143180
112033
6467249
18042011
155659
504698
6090411
123700
2227735
18485467
7052663
9532901
19545859
181010
4171
6862664
7911363
18892790
23432717
4045895
14740588
14931151
15824693
386480
22374874
18043759
2584775
2336299
593821
521116
9730411
12497203
677278
18620040
6887701
22693182
6687926
15779081
13824
300946
6940304
17262102
9266762
608907
788431
185251
17758805
14288625
20420087
21538290
588467
248890
6250518
15833470
1724618
17720974
62373
377893
93797
32180897
19100631
10867
140080
653047
280813
311196
22571706
682920
8299697
16065751
28671573
35823168
23128318
35156657
1554294
147223
2430
442955
106741
234331
2734357
967931
6566955
50776
688700
2253942
