8961563
17286817
10896133
23571490
6781006
23574690
15808311
1905582
17855380
464685
227444
18332098
21064599
15775893
11984131
23274036
467457
19436559
6573126
7764150
12103430
19903215
13167035
1053818
9772065
564058
1657198
119115
10916761
6337163
10722581
22057437
12165882
21420473
16135705
23751850
24566231
22451395
17465707
23834118
17416057
901282
22619628
18308403
12592780
16031679
10800031
17237030
179106
20317802
17829676
21469091
18493592
16042447
12034813
13648992
10803163
22838025
24385719
23307971
7427348
24050
25263755
1139299
3786035
22368464
21458022
24356116
6998357
6353882
2134411
15802794
2927626
18160237
24641452
23296724
25500022
7544946
1823925
47912
43536
5514920
6917483
13125739
18457329
17262127
13629792
13414963
10780523
25875352
22825340
20440224
18757
37820
6657485
16125391
25973821
19405238
24377718
15847796
