8670332
168861
13600178
15791459
12646818
3121164
10471511
6661002
257647
17334061
8638210
12991245
22908647
13095649
21805399
15831257
390465
547879
18769994
21526843
20610964
15704459
5996912
128638
13423229
5503
6270908
24356620
23123246
4102763
19187090
17608111
8356330
6323514
1248939
10439434
160198
181858
22602343
864695
63445
656878
23395716
23314731
148869
11059675
586516
25657735
918412
23754479
23215471
1289866
23411536
15791114
2965062
35750
25759160
7995946
29434906
421569
17456932
17190269
15755242
861453
7638541
23278532
354745
25868309
12191366
23507231
23525790
19327024
12184193
25165529
17662207
17292673
6553733
24750853
29739029
30370031
13498840
864089
21035657
4198363
71557
1626312
438289
11480581
9002750
32614687
946194
16256798
25340989
35691158
446513
29068221
28421168
1919486
25629831
18369691
