820273
15767282
17299586
156784
4335756
13090234
2363379
1557366
11094530
34811
1703322
110388
17179167
724637
16008733
171094
10757749
8529474
354712
13512259
17286431
17948895
13436382
137665
18343870
13449858
17839594
17833729
17832415
16168821
616049
13993941
18044947
13147885
13528506
3336844
1024684
127337
1570434
17927759
17936957
17666097
1371718
9828862
189111
18071437
5824806
192204
13246071
12955672
1442238
2206390
17786125
4185796
898056
7351
6540270
297676
13586518
9596460
30382
3444292
61915
12872236
18283363
17921659
569399
65514
9424173
211439
13100288
11699323
13596612
979795
6464060
18683518
17886564
12314065
16240988
1440265
1097732
6308030
6544386
1212946
13129612
20517362
342827
18730333
13239849
20758512
418202
67862
696513
14649474
15793153
833565
10830932
434880
13027097
18242099
