484531
6752589
1159714
25225
2511327
554773
18549
563790
762810
70491
13987
784222
1407711
1806178
572531
333938
775980
427830
614780
1708120
8620962
1698713
229122
1210487
116471
6773700
156529
4133354
4177729
1254247
78457
433950
12891034
7935274
13311811
865733
786221
8058609
1842565
7749505
3763
40314
12777901
313424
12064512
593144
8565083
11131776
1505064
1017301
9054588
13061255
11741287
3789
6696296
9593705
8138331
145646
6797842
1901648
181776
2433893
10212199
80234
210818
1462873
8584686
13501651
2398363
817197
24048
6640347
3128428
511532
12729465
552417
13624139
17379661
673937
15764972
1068565
12325994
127947
16218082
214718
11787752
6905645
177193
28184
213743
1462230
167115
455411
16514719
10379022
6693329
419083
862005
346267
17203770
