13497818
235718
106085
9961796
71865
16243767
36629470
5954
22590
51019
6642715
4894
10625
9539
49540
14817
1379961
3575676
27252
9462812
38210
16115612
15812814
82192
822989
21348
21611
27208
159178
4271
16843726
7905092
147915
18333130
51964
32071
7315573
43330
42607
139069
13486632
7540092
284440
6043849
12240419
12812550
12513614
3558003
544257
227651
284996
9833184
67920
233649
412732
6448470
33724
23754
89959
34084
23316548
1166599
64216
6708
5367
6931356
3054684
53022
8492319
389627
10611
714902
10626594
10585
11966216
8737
597790
12657
52640
28251
13206900
41899
1097
2295829
25460
3819326
56495
18300212
13033
7091488
7719245
28249
428263
11650
4345498
17349
69136
42986
5212771
7619057
