18394797
649396
18691046
14571487
3620453
22859182
9923372
365976
21459383
2411990
8664368
13641626
20763448
23155759
66473
17152
17853563
2147952
289870
11059672
18054085
24683898
403060
20980781
7600679
7798215
23168483
25637684
16135914
4723
2889099
25510955
11537035
3253020
22448211
24581890
29378395
26625494
1322450
899781
16600108
611484
2626624
18516518
560637
1934283
28110305
836561
824389
33791076
126932
33590260
11058850
29543952
11325267
32313540
7503246
29562692
20708771
35553989
38664772
29751533
664236
212993
16401
4488
4672879
833335
722892
171112
764782
129264
493559
58655
400016
183922
281573
13147
6193923
437797
295910
215679
750129
39507
132053
73864
271301
1433333
326831
123291
105298
585576
8272408
1207063
297868
28441
2310192
3186175
12396795
8986348
