411475
2001530
6503656
2180459
127647
1535285
11563858
7784859
687062
399896
2848487
1044272
1466723
859694
1160588
63477
7116280
7901368
6723439
85737
126866
9944207
1061382
774449
173907
6405929
8875620
180584
2191151
2642070
9538
15742925
793289
78679
2090125
9793876
2641208
1431557
103386
842655
13324521
13515264
573005
24607
28001
898283
1561175
881346
1255833
47561
1706113
714341
7074079
7118768
3380429
6471550
13253736
10517937
10501372
106925
912118
762462
119561
401905
7944140
2740179
6405971
25489
915936
891586
2340561
247204
185910
359808
207694
7983832
14061769
12612723
16137076
6531968
161659
9488341
12377344
15780423
4977673
8576171
11548898
651589
875910
1531624
157801
17234132
773276
12757719
11365223
1930002
114206
6092826
16161331
279668
