1007870
999655
269041
372850
847791
3182869
107105
102916
4183437
313599
845868
773961
235786
503773
555136
397770
1845050
4288998
129972
3399331
25071
327336
6713322
1271502
6137430
1256621
140088
115033
195211
92138
2063563
3789901
4703166
1801070
25933
2142060
2114866
895005
244466
3398701
42157
114178
109726
1576334
6439770
2076055
3569961
3854232
5996621
6643948
6571963
3978
2223353
821026
181729
7171787
2459677
1385643
6953778
6659732
99452
1327050
149704
566850
1419166
129659
6574915
831893
2506250
47733
1455558
473869
134958
169676
1269234
65053
7181610
876234
3146634
2911138
117835
3165887
148216
817378
17744
50664
5730888
7707148
10765
320247
1259971
569050
237900
2029932
72694
763031
8456385
6203395
765769
223145
