18079719
33280872
128837
67146
68095
16249
32502
18035
118041
71866
5509920
61884
4830
177001
535494
11276935
10890463
29737
267071
625649
13574
114187
80674
228564
1839178
4010795
43928
6624391
3416
27689
64794
78977
11836538
4424
2856130
59415
15729261
73093
22551730
642231
1835829
140078
125925
254191
321544
13127599
9239571
18340210
6772939
177246
22749788
29948
16685
530425
369995
36475
146106
175516
4711854
21405545
18752963
2033352
22677819
91836
72996
35775
1308213
173526
50788
7675
455219
81048
21436
106859
11371
6566616
12885
454856
3972
889824
5277281
13497180
377291
17861295
13580846
17978510
18090147
26017870
877752
672222
1296444
77425
324022
87273
2192092
7863423
93981
63461
8483147
31487
