17438192
20333234
6639760
483485
31678123
17830958
1942675
17831342
28529092
968882
1954203
12399347
18748705
23834720
2534575
26175
946001
22370301
1576916
20542564
31446332
3439846
37530
370789
25030225
30254823
6881578
8500510
32715
61030
626361
142492
17884188
29088181
6971413
331683
18041871
33628370
26847374
24178943
20403158
9232988
5506370
21897149
25035426
12356699
882345
6388743
820404
26208886
25802922
11033808
22610732
17226834
522903
18391990
30160425
28815482
462784
21948657
23442478
26098210
4923850
4534898
18691025
28220826
21914535
1867640
23462673
29895106
24390078
18393091
290979
20927280
604606
18998388
32618686
14060211
18974163
18404142
6493803
386142
683096
609367
38396
12525516
20839196
12551077
2277378
33605577
28321033
10083438
2069498
17316489
32047146
18513556
6893343
35231017
888628
37670
