7356477
7325821
420297
15715844
48562
16650238
187220
37780
1547026
2205963
17698064
135486
4870
154924
1549209
18342940
10671152
1357658
13504055
4626738
13069215
11980409
18232090
17832986
945144
117486
3360369
13598284
230817
12569498
16052597
13451182
1298205
3386492
2622893
7401958
3083278
466523
9429803
17999258
6680748
16117991
17907218
15854532
11355995
4992745
13722578
741635
998367
11186443
15242
18683541
2140899
174621
17436867
9083904
203064
18982597
16072999
17732928
596687
17342184
9102634
6604600
18478300
16130414
11819981
258657
17315828
8614954
124982
16193562
17334991
6361846
17251103
12445556
303615
9656388
17557803
1610563
3759
18392767
237186
7981382
7716966
2210839
5058
18159376
6993562
16088879
18209305
2422256
19794
13994240
15825775
18189375
13611056
15946106
20758497
16199855
