107777
17478
53817
34521
2176735
6556261
91248
2224451
11260526
11751163
13547188
179565
93134
16061340
13584415
5985499
1203812
351711
369778
266380
570540
552357
153781
6467772
47588
184565
765427
426025
297627
13923
3120995
12839
7721198
30065
102324
825473
16066588
9252036
82748
18215187
18775356
19487009
320730
741618
13121501
10872085
93739
50453
837501
240130
251762
7904
207687
2175645
659622
360562
24137
110385
11098871
1662160
12413836
16101126
73997
16053316
18144053
3243517
2295821
15818308
550726
222637
307794
94318
115036
10910
261083
6393119
6294090
3768106
27526
7124101
7016638
12104686
35476
5417
311095
15752757
10570
20876097
18815422
18105011
11655
612765
19498
859495
693017
61909
9182478
119760
9551700
62233
