6495777
31315146
18405537
26020008
6449596
31357476
21704733
30239413
29584824
29894625
31330744
13551768
24816029
25748747
31380884
13455534
155
23602561
6931717
97027
31299247
61505
13559326
31564000
30549126
28939398
23578
15845648
31677035
11555913
22712927
31196796
28209616
30811819
31684955
31354420
30284807
10304244
30367813
640373
3870
7389507
19642107
31827801
16131120
30368314
30062082
18966551
2761886
12453610
25061
16074891
31303378
31175879
12153015
23359246
22950293
16284959
24955557
31817085
31683094
47841
23204877
31560581
607412
17564246
22638080
7006542
31228608
31916381
486453
25721439
374494
28461948
12414974
31847388
1393700
24186763
29099920
1364772
32283608
20716977
9255544
30839584
32329379
13603352
32182433
104414
18854
25064648
32166140
32494478
31372026
25369153
2183640
23720331
31823637
16058906
18143047
774928
