21544827
16160232
22890930
12977680
22751639
12218281
632319
22807509
21915383
21126803
17211366
1022883
22590946
18812351
3472820
21806651
28507
17936636
17303389
15972
15790837
2260330
17313660
23082740
20993087
16030663
11324664
15757919
15790870
13330670
7292
21776496
331883
23174601
18135901
105099
22825351
1149270
379352
13708560
18516208
16248189
22886199
64984
22306137
23209889
13348349
22962771
18248513
54825
11587338
18047607
6011949
21529133
18596873
17838383
17876228
16133434
22206795
525544
23205584
12577711
12469
2132778
2401677
23155757
22430027
44950
1973931
23277631
22396223
320817
4066338
7832158
11324334
6850768
1006596
23165991
20632548
21946160
8739430
5552212
23236376
18008425
404516
15998465
20927261
18164207
22248256
23342600
17838780
22799793
23178954
17259605
21791955
5122520
727664
435030
17315860
9846385
