9557
18692431
85437
16046121
77661
3554772
161744
22299763
22206
4447622
11607446
12936
38787
23734628
43037
4556058
4835
61179
17347389
334643
8662836
15753740
18501652
62530
37380
104089
111450
228630
11561469
11138
10629
19547856
9917938
89723
13148
80176
32439
30474
99298
6174
18126198
310146
1472878
5544
9418327
149196
51428
140963
19581
106264
6050678
43369
11084145
359375
12930
4932435
31332
16113791
14064
9593
784911
59715
9761771
7100490
63032
20359114
26004546
46165
13927
929782
1428
9761778
61975
383206
78129
85443
10566
84145
93724
1869
752900
10757833
3273
161099
13158800
12294652
7673244
23395680
38462
16282066
31244
16155612
59264
8698
13600318
16255
13223520
12321
127459
27037
