871589
108570
181286
316378
34431
6440677
406887
142849
1165749
694010
2268909
200722
12698470
178048
7464272
15852481
18329991
296576
775985
690872
14002434
86447
7832174
17369574
153134
10518110
10081131
7457608
16106516
18187409
15740835
13094398
5344374
64466
22725443
2341202
275700
220937
18948786
25252049
25772000
25516329
28767729
26811360
25953369
672492
1897448
120646
16693906
32534
6871077
5918555
14960
2398995
6428508
6401032
218587
854727
3147367
249328
21325
6651640
1664368
15789399
7366
1263042
10269605
6556294
3997742
1487383
816579
1481255
10836
1182858
7855
458419
6313707
13646
6978064
5519394
18475593
63432
340383
5854
5750909
64467
22055280
953560
783450
11679685
8375463
25229940
25697161
6965689
832623
398868
505064
123788
18588344
585024
