7362638
285692
6766638
8079528
12862773
6308079
1949780
13276602
33333
218902
2978375
3133001
1571436
29435
80520
6139137
6573379
10497786
6641821
76976
760306
410766
1721146
1160501
13549704
6401956
5822252
6254678
709882
2920620
8672656
359638
640975
1078638
10692829
1178130
767893
13122386
283486
43702
297225
8442148
87547
1882847
6064635
9583227
12531317
15707940
570393
9771
158856
10581266
6658568
7524258
342309
19106
2217429
640097
940017
3280203
362788
15762433
2270120
8766710
10114213
739942
172228
7517343
262579
15832002
3525382
8711937
4772110
13550349
29794
247351
2272632
275842
32443
787194
15044233
1125258
955725
5778773
2848257
10788918
13629118
411854
137976
123706
2694762
1083814
270872
16068357
15982689
6866818
1527187
6643441
338046
6480516
