47401
6150
43889
16101128
830
2800905
1420
8908
197084
4799
17167166
1656001
56728
51738
420282
227265
11408650
2299110
5890
8909
32049
92517
140077
10637766
4134071
764347
51737
24861
4009
556602
12957
2318271
83144
1898
92307
93101
7747374
11899
1625
12749
8667848
30868
31122
305234
17061
31463
366522
656
5439
77767
84119
24128
13372690
10583
15863832
518848
15638
7090447
16248068
179064
8337
5527
20613470
227571
10988
5064
13006
70535
29127
35729
7967
6482837
23522
3591262
10576365
13188676
7304203
27003
3777732
18143977
902
2536134
10441
77390
7723542
18114322
12497
60510
80660
110737
27523
547094
43758
59219
8492825
77566
24768
3867
41219
52529
