317621
7891
293982
79
862350
7794600
333907
25589
6634409
95747
13353667
15860080
13414055
2040488
7198269
18892134
27999
783510
21838
46559
609035
182683
282778
570172
7124925
40482
83136
1603101
9914
5602828
383028
84748
565593
242956
32260
6357022
11701627
187650
3112394
52880
18315788
107300
228879
172740
593236
31426
53324
537375
78070
427353
10853
2049823
59664
8133077
203288
160848
6353134
8135807
6721258
1168341
562212
10002296
7992964
94781
15717721
9380186
10399862
18628601
24751841
18723
25587578
25733990
47066
89160
62212
9567
13134
475339
6550815
8941418
67699
308732
21326
64081
25401
5352
1717890
13564125
449575
1446004
9268487
23031
16307045
896622
10112885
856969
19398490
17342700
3068
1146744
