1017302
156463
315513
11953657
44139
10552965
301461
1535111
10212167
194462
1223164
922596
12610592
13589829
194687
6261151
15719
105303
7953079
15803533
4457755
16126646
1349495
12411635
15817031
11473820
16193708
7268566
742772
1144523
965510
13590032
11092328
617445
17179036
17380682
279669
383301
5837809
10185738
782057
1449817
828992
2406732
1800332
60525
16101628
541802
17889460
6680753
1031533
17372853
709715
10181799
370897
13559898
6138530
12266595
13183318
12365189
12959084
4469138
422755
20758721
18782487
8419447
18277648
18394213
11281778
1294267
15757202
647924
358667
352807
1198205
18078242
558736
568310
288501
13799950
17253356
9484851
7327562
9396154
17586475
15867
17130549
17915750
17904056
15828695
115608
19546691
9637873
23122151
6023992
12059592
13602913
54944
1728551
23140880
