2716832
34448
23203786
197743
6351885
9669051
59963
6767583
22666906
210486
23612390
476749
23571512
696514
12153939
18618994
7310861
15832932
22774596
10109832
289739
7195070
798617
6260420
2136711
837039
18222556
16207483
12812788
3863892
8038788
21893797
8496929
6037649
75522
6491221
456773
10503370
4939112
17235076
6892626
7684993
20298090
18889290
20740042
19974496
12080917
21861357
21460477
530487
2590505
415486
8043762
17829651
10244260
22968018
16248337
7775755
22180659
1479939
21802609
12034748
24641473
10049435
20757186
693079
11544476
16248121
22892497
23659068
16280650
12565017
22370053
20686674
9791117
6390652
12048398
453835
12969593
13611043
25405623
8504556
22919158
25581772
143474
18140699
17674540
6047331
18457327
25685775
19456807
23361701
984859
16047646
23785086
13345288
22358119
764061
17728721
13326677
