2906724
8602369
7152212
8329929
247094
11775787
139958
6621215
246414
3238393
14566
7869869
557700
3246957
362715
11280121
9658159
11156050
6155
6829958
6609713
285740
8610438
1155314
787546
67872
5995752
1042174
533639
388219
1838612
1232796
290252
7469133
11995
12489539
99230
2328316
206553
1239219
7881742
899411
45033
6681400
7283762
346211
1772413
238344
6428672
773514
136963
6363271
386477
2618660
640594
482977
5479405
2593876
13001038
3188186
11783587
932049
233933
9659034
298468
2364629
3665783
379087
6816823
4838255
7049405
241101
6795139
11530122
74556
2195295
1626066
68842
61931
1355993
129216
11098832
11191602
23960
1654216
921735
2342280
7945293
514126
8664
165357
116581
7685
7790460
4343353
9733619
307576
10841337
1038850
5757772
