6670
2980972
14280
41688
255161
1593623
2589061
219164
164221
13979
5986375
4130217
4842437
6920820
2653622
1870129
235185
7149631
2899
7073
8162603
16068341
22107044
25986670
20661548
96428
51315
357936
2157372
6500478
930612
74045
4437054
263149
45106
951749
4945081
759600
8531229
153789
69625
6555008
91724
412930
8643220
481372
784084
880529
8431116
13157446
1446506
16174176
17231976
7926790
11531818
414295
16099159
18485973
17560674
9975779
25532458
13589866
6676603
24727103
130511
528924
251665
261601
563322
4440396
2487178
817768
7261828
85989
93727
765584
13980
76659
285224
466150
7096123
57045
193873
618174
198289
10354373
9709305
41694
2363092
2117957
2423981
2828595
276477
2108205
79547
4052969
17201104
17032328
184059
32262
