6758016
174243
8572630
389621
5886131
9583799
10355393
5571541
1563183
1100783
15711784
472219
485129
12725884
15882979
13588394
303113
219557
880250
817069
6657509
15786792
552534
235892
1186103
463423
17829789
688833
64416
24722156
22798836
867101
8049414
6420922
3335148
18310564
131693
9625608
818449
16685430
17186483
54111
300905
423211
1489313
3271283
23361807
23016306
48134
26183543
25567159
8322
8606223
21051977
27066722
335940
76611
332100
75641
1049070
473557
413490
1632396
85766
109999
267533
128752
226954
272138
484550
5226180
3003969
2227528
1183802
1757123
246276
358856
389633
7482511
10156330
12576078
13414274
452718
16110927
279670
1703987
5833677
850860
10248952
748784
218215
218732
1150987
1264916
17869239
12157780
8041711
15812817
765768
1374311
