15701850
18331180
59962
13537542
1384415
20652686
21861048
22433174
20740634
110387
936503
18586409
8662494
17981391
18751851
12795738
1917763
20561851
15789177
7187530
2161326
22698732
16052055
17410811
6765788
402994
22031476
13547381
15783714
16064400
6097431
22760930
22836086
20371824
16086077
22668785
15993255
22547731
17403101
831829
22301647
62555
11836562
10319829
12109310
17798647
12213062
13542909
11037016
16100436
3212989
1789979
22884686
21531437
22324898
14456
21851827
22960481
1793854
6487832
3971037
13584309
3003723
3203593
17348129
23110100
13605858
18220922
3528841
18465507
17469607
3490300
16055479
156597
6652346
168283
7132429
22306115
21948349
18594761
21803375
3246942
9277339
4330937
15798786
13240806
23206360
9975463
1269436
10974100
17905477
17969685
18667954
410368
18584440
6307106
980533
22914299
15713696
22246200
