2042492
11171328
35487055
2391
836511
24331409
33812774
6620838
655516
15376
1024581
1527315
93742
576512
603757
977064
1065216
797920
2322
502556
1454534
296125
101648
383512
260785
623510
950356
666143
606409
459544
820816
2034188
1058615
1955909
580898
201175
64694
816858
2191114
227652
2041688
208531
7416872
1158260
9553
990565
833332
128640
177927
455764
668181
8590440
55773
226197
11921099
19909
1164825
80116
1293450
2882717
3954298
124245
563789
5069522
7170336
1046275
16670
3765336
1013063
756258
8550844
5986556
94529
101021
1658704
9667667
352586
775972
1404465
217565
203287
7929317
210773
957172
6594099
12078852
229121
5040449
12379256
833017
6672183
658242
51104
8349046
1928469
11369904
37339
28370
10782121
164947
