7443012
11082489
133488
17257993
17606460
18281102
7826101
17981514
20341263
24724
28820
80063
231604
35247769
1039041
37813
82648
7775611
8070049
67696
11952268
531262
13237327
13509957
590348
12924253
17999935
38716110
498214
343545
123063
6435893
11213139
6353001
16137612
20310066
529075
17899392
9833
17332564
23677341
25014114
566328
184803
372319
2139
59142
6239025
930470
261479
125507
9477999
373606
16194369
13487029
7128767
10431447
35152052
50051
156785
7234828
107778
15851746
13538552
512475
16113737
23253863
622866
444555
19351043
93726
151370
953435
6139020
147842
14967
6171732
8492768
987577
7247586
10830285
1060562
17906995
11339
18081150
17259227
22817757
13483060
23456237
21411058
27265224
3744438
369110
834378
39926
1012794
9648
72199
8501291
18329942
