551094
1849
385255
48270
1580497
440358
1054736
6006822
217355
539391
80268
4555016
6304133
4003289
1515067
4768404
1913364
84699
767642
643483
108590
2445353
6272008
340704
315783
165904
4313522
35063
523974
836944
6671724
46506
1451403
5571
2894779
2150355
3292882
2043412
274242
298381
1833035
6772035
5848
5065783
532939
4899946
1419383
904966
56464
1034995
31115
5972086
7006136
225590
6665361
90536
750672
156780
2861844
41423
6326345
1287272
1133635
76808
111902
670371
260740
184999
500717
568175
6966342
2179832
96980
474113
6087665
4889214
231113
242800
1448327
334805
836224
781226
2075601
601369
7734702
14896
41950
1229210
24081
377679
272607
329082
659578
900426
28229
534274
63504
6452760
41777
2233479
