18080504
23310340
13597797
17164179
4628647
3172826
19598707
58480
12351611
17334495
18595313
15831864
19228108
20878715
22405436
11320138
18499908
128435
17047128
395906
6570502
21855596
1133119
6441789
19398259
18800
17838096
11801958
23484953
77618
352769
12988478
15089495
392729
18811623
17333338
735718
1806485
17261129
19409539
22266042
12405692
6539716
20652253
19395578
16044770
6761655
18689428
21412215
1561628
21457950
23566955
16077173
5971096
10541768
20821303
24910211
10322582
1868171
21471499
11547291
126077
11093405
11877521
23434371
13588711
21859423
8628594
251972
25309722
1140653
1450661
23253093
22743003
21807998
6341739
13562596
18140586
25651409
842355
25369094
23635879
22891924
18160596
2664597
11137459
363973
20820833
8794263
1909590
9592213
23394408
7544945
21064955
18816255
25886017
2669775
25748873
24633605
20423680
