19064831
617702
13013742
521135
3179941
362386
22401661
20309995
23241868
21220950
22568445
2236764
24962556
18804966
2544247
618938
32275
2348157
79014
777882
16184825
25663844
24206820
18894559
12371089
7761224
18106531
377367
905887
5633771
210747
11753829
71643
481509
232733
11059677
18045624
20665064
25812851
8170980
796260
454062
29926090
925367
11064117
259998
2246833
11293218
2480484
18459855
24579792
18363421
26035889
30198702
94135
857445
1272759
30025273
26154389
8812697
2557920
13498903
313640
179668
2521936
873613
817139
25332617
25908759
836560
33867041
4331044
17194517
22236161
29607136
12544153
1649085
22700018
357727
6538385
9522
25937835
36338617
38665463
15740462
4752703
1049531
757038
885349
26934
1090941
37486
234538
2071678
363632
4408089
30275
671141
769896
570534
