10907835
8607349
394423
96789
6810296
1038268
65769
6531606
450548
12787
5973632
196150
136091
128657
669125
5975885
15985376
99826
15996097
18334281
56067
1665656
12926636
18051301
17409835
22459045
72999
15501
25061354
11833295
71984
778040
9774086
947965
23437328
23946812
16065538
14059024
146503
1769738
19315758
108347
98943
21136265
26051349
22600903
28528911
31936633
33834730
4497319
28637637
644505
31552492
2099596
348575
96463
3473182
84030
11684163
6723744
441499
12655263
344018
32513
3359595
17203883
1096403
249929
3189743
250192
20980373
912267
17261811
246574
17802957
542604
18467802
25063218
11364074
743352
193659
11408100
296523
452777
25172436
19086685
16472551
150253
458341
653652
20621185
9454022
401072
4580946
32718401
311151
287490
7120439
26867264
35524052
