1154601
47578
1148745
225850
1064655
218460
4735808
30394
1265382
6402991
113015
1741794
5851400
102119
6989790
37693
6051891
748449
85326
1090695
359756
1114380
7266674
153219
91519
817216
15430
1516736
815394
837872
54143
60973
62035
1257963
26324
39392
6067041
1619837
112136
867623
1641944
455034
486175
25148
1401344
933863
3628422
216419
16900
92408
2189079
4714389
72441
268565
2176204
16745
8456387
999729
5640763
2288199
1998422
109508
5985359
750692
882649
875775
1164622
619154
7226664
695440
69864
199929
477453
6811525
6345977
1504693
1618154
6903603
250355
48462
227541
1450355
9402429
55360
7549760
7494451
259978
2023294
2570082
6366371
259737
43613
6661120
6620246
66459
9724246
834670
338877
6279483
4898280
