14742449
6084332
18721324
1279604
9270692
2409556
7685687
97287
12191246
19145978
2418066
8908223
127232
131790
24937
106590
1778692
20758612
107666
18241900
9047584
18513786
20931404
17208956
1180497
6061728
16139500
13367570
121173
1121787
14740600
1397532
9862105
15727192
12846
17451283
20298340
3031013
714585
7968013
10696084
20434791
6669582
6930719
116722
6773641
505558
821380
18053047
534258
10045680
2833172
5073782
15926901
18079501
15083287
17999315
15816410
13552225
175827
17566943
20882823
16168987
15777401
550381
7733167
3972855
119030
59225
479707
20751655
13060189
249398
4834279
23277495
15701635
12396702
1877177
12900235
1088859
16111967
6858346
21489641
1595824
15784100
309780
18924472
1026798
40327
17182661
22716453
614575
15782315
311006
1355465
17909617
13627168
19210913
15721864
526164
