22822858
2998814
457264
30248
328802
5720
793399
18710853
153025
16247792
73086
31360
406373
353
15768409
15811545
30241
688191
613283
158119
23692271
826845
6871616
6512140
131123
77727
9627755
34760
7992995
1316617
180617
6690
72854
6696602
11691
22204746
343881
41977
297792
17936909
7060582
12555
13623150
11284898
19486412
34452
9827
768878
7091713
9370
43326
104101
24
11987
2113260
12476820
39063
6587879
12842828
6948436
8559047
25346
781110
14383
192510
4588949
68520
6539
333538
16090981
12743472
16303287
32087
10335308
13529
41193
18338465
56373
184419
10884
136167
11096647
13402447
32508
7600922
3503947
40395
5548850
61886
104378
216443
34534
275000
34498
12020927
100365
5368
22632
26119570
16457950
