12888599
247178
244422
27307561
7074468
20958266
23599075
19043458
28434176
180078
30120345
25823344
28260524
21349764
31387676
22816028
29628231
764
238514
849822
905834
6056530
16309962
28686902
9300749
5026173
2706635
17568373
17182388
17210598
574924
11659
28952906
33980440
22249668
29470648
685579
24380140
23497566
20604371
447005
630428
10256723
18107677
17306314
76341
10147
23612011
22446630
37622
20454076
10694746
35701207
21187110
16065949
2425048
12152566
10766057
11168547
3641080
25430608
3055089
21912673
599708
416087
29546496
31885638
25544511
25420089
24875394
22823185
32941327
352921
1458923
551403
7205446
1212515
15285585
2069496
1057231
7138595
36368899
34235221
2085302
15822475
17303150
25814583
4339191
30220
17286844
25144208
27426657
7406870
26177709
23299980
12844699
7662387
32731881
23002906
850586
