11210739
15995762
16249388
6238460
16250900
24829265
97402
23206366
161415
20492184
24397689
23705211
3851380
2096
6645119
18809168
1561178
14501452
1564300
24764525
20622439
7208822
6571
15817667
23939992
13500754
15780279
20028153
18114460
24278746
407305
2104061
22739190
20652241
24987485
23489047
22741957
23907658
23461945
9566003
10842223
13554019
23847226
13628818
21899819
18337656
11736574
24624670
25030592
15869173
17334484
13410147
17340720
23476097
6305272
18272806
22046983
24980148
10079
23251157
18904109
20627408
19140853
9912752
17258293
18460726
23164931
17610238
8734498
7892578
22433663
22022320
831979
9364112
21777373
22052148
25056379
17262126
21801065
151561
526927
18753853
25372804
25305201
1786638
25325997
24313378
18952405
10471443
24222291
24178465
23633542
325661
25314661
1557943
21220669
11419229
20483093
18513555
15710999
