7785207
11410104
17333324
17302495
227593
6260997
8069535
371456
16104434
542389
368593
47954
13667
18461055
600335
81779
12292002
17675031
21015194
49596
9799
22820335
29069989
1111
25100
1651302
1883838
6605625
6611038
23005802
1633
8574333
86236
62292
62485
13502970
18071296
3798703
82436
20764879
61899
6366437
16433
12369942
23125266
1537534
43884
2265
13047567
11051889
16074582
23223
13522957
13496575
273512
411449
9010
181077
64863
3260388
6665671
397507
13455112
15985373
12467
6466909
296942
78024
3418880
6351939
7970273
15742663
6647312
6819
8709640
434535
19448
6088255
542752
57460
6065182
6654104
175004
11299
8957
3122173
4499214
121732
2164318
13227454
27001
1754206
16435
4031
227658
1300350
685788
10607
2992061
29582
