268604
677946
478659
730959
46190
852885
736391
420733
409589
775198
173548
14000
54123
27
6275434
68453
28766
3704125
3704118
3704107
8281069
4701
75020
54596
8727466
78978
294963
99152
95609
9995135
61551
567017
1894269
6333646
10886642
2388426
876361
14743784
13496831
13641732
1678741
15835020
4641538
6275885
13498908
25414672
12913570
106346
12612
12052
267419
117710
85413
9300
400763
479507
30229
60813
57736
38333
362929
490609
30891
7957
144789
6713071
142978
12022765
13019704
438024
14802438
16297
6562560
594399
15799166
10000
18261
17185556
9091814
12750296
3265268
1702448
126081
4641540
4065912
65959
7915496
823515
24504274
8250
478658
1000718
649514
30343
82356
668635
14281
288995
8296
238137
