16092940
16037598
17662897
289032
390374
17326280
17668125
13164315
11262609
17678687
17667332
16000608
17399863
16201523
17347837
17661770
17725038
15787153
17725655
7485989
40304
17708356
16150740
15828667
13603641
17728681
17730100
9587873
16241426
51744
17693362
16155349
13040265
7912465
17570395
17697128
16208904
332376
17283469
246853
17795480
9643425
16076551
17565872
12134738
16093637
16110861
17828599
17830353
16107908
100800
1260719
17839376
16152057
4025200
1019332
17842623
17465985
336518
16285850
549237
672484
165185
15811102
12494271
17857619
17826401
17402872
17202672
9728476
17699460
17870014
16139570
252459
17726586
17852001
17728484
1036302
2218260
761737
12888674
995923
129273
141421
17884111
15724527
4277998
17451252
275600
17905761
16050608
17667335
17921489
12884766
17873649
55414
12439950
17406674
17929785
159764
