19075
941892
1120825
129911
3486806
123845
15760
1022794
290376
16312
5168977
311179
3141295
29036
7685763
778611
37297
15549
3588825
13233738
17861833
862017
125870
10414941
3474906
18967087
25361480
175258
836608
13568
148554
59805
626186
3189901
82747
108220
413177
6308141
494304
57009
497164
27297
895886
179681
1434105
9620
541024
1271104
9739047
13075513
16138688
3532
140405
16099189
17733861
17305041
9844623
23310763
1269942
13569
72536
6509143
1144058
89281
101893
7779059
64316
349650
297593
6562380
7125335
16320
1013383
8171378
40144
347143
7023534
18080889
21879674
21466236
22529162
25056959
34273236
13579
93940
1170281
2734278
3865030
3289090
257445
3783
3231403
7476785
166966
15473
33418
98685
11990677
3047320
442807
