9987430
9639648
17911101
8355571
16100254
3920088
7494887
12987127
16202167
1144907
3491171
6251445
17926791
16268982
16253820
16316508
15706926
294321
18002243
12337271
2986286
17164129
624053
262438
15768848
7216476
169762
1129916
16079959
7955
10562648
899079
64949
428018
13224793
17701621
15808466
30002
19387
135278
17664771
2909728
4135492
15827440
580967
18047851
17726764
9308103
12136160
17621426
7985791
1291989
16095661
16160045
121064
9576458
18071020
20567
15096138
9762
535734
11393302
13581177
151718
17980174
12467867
491312
2167967
18041705
100424
15715105
9477224
13831122
11307144
882258
13488155
6609552
15818527
12844575
13343752
5055097
3673997
775338
14643361
12998104
301023
822469
3652717
37564
8427264
747637
9912786
17342390
17557906
17288137
243427
89969
7725665
2939358
10433006
