2853530
27917357
32767572
31125554
565701
4611744
30183653
35384707
35706106
22317579
35252306
539185
35915966
35917300
29093654
35818637
23716995
35959233
35851712
12865173
331323
35924999
35053682
35880844
36038734
36035175
17719255
668026
27190613
763234
6478829
637408
26160470
27154427
28589771
546170
28110852
6730136
6309474
12986717
29630960
7933650
901125
36070530
7380735
15717298
18576
34020174
35883534
132495
15357
12961691
16247121
29103028
34670747
36194921
27778352
10862575
36151915
26401583
24559146
29546259
1590487
32494108
36266688
1256825
26263022
34892107
258627
8729480
26084079
34441243
36310387
822733
995084
23482858
33270753
6065611
35675772
23293849
36103813
29383696
13539043
2620105
33295236
35075846
3326540
34967829
31214420
24702204
31794085
33559198
481201
6456630
21479290
185900
34748077
36420089
28020938
36460623
