1000339
107499
838429
10963
179391
2999495
159297
208123
28483
4207179
9085456
8244468
6941759
2926935
179744
826472
9998827
933562
54592
268593
1179976
126487
2531571
2856645
34793
77355
964784
1370363
9456
390061
566890
811994
12733425
52198
2911494
2906048
1458906
7015318
2195443
17801215
176803
557231
6184313
2065568
631127
181398
825828
88890
16158558
129270
18513789
672178
20573324
10139314
18754726
18935386
199371
30144
15748335
15821735
6386306
18135385
8100104
22351498
6056671
3277222
2346677
22840374
17181891
11871983
511263
20710564
17875080
1590632
9783248
22813754
13011828
558626
921825
1739711
25234824
473710
73928
6453084
24552151
18688342
2079415
24885747
13143452
2857776
6661677
678445
24674473
13572328
7973812
578596
12758514
27419654
18719744
16054921
