879216
181426
30199
30375
1054845
51108
526067
469846
1145825
2728347
295030
89195
225804
89841
325116
672619
6377037
443627
1150181
93282
2316
789812
159177
2572534
116121
251964
536062
8578248
9555250
850398
572533
775987
510070
6611059
1016935
112200
8522117
1034261
290648
7117197
482842
1600863
22600
3396208
30200
7297559
924525
592714
6871841
59144
199636
6658798
268994
1556130
5771209
177194
102386
6418
9675020
11546840
102955
12064487
2216762
794502
1250413
13574880
828045
864821
6422680
15758934
11458531
2599523
11722230
9432902
671856
10412949
3563478
7800520
3768230
842961
55813
20739
184866
113985
922585
6736174
13227866
6838830
4703450
43731
307716
182230
3878183
251975
13254048
2930753
905755
176850
8568032
15843845
