33013201
12193787
18370
27300329
557103
18224374
31446987
18812540
30233217
18686497
323310
25776210
706072
27477328
38302
2401818
12057671
88363
30644891
7261114
3986062
18142632
23512999
31199945
24182788
20549446
28943693
7718597
18000063
7074728
23167374
18658071
174730
685979
18478083
33825190
13131651
30321265
3721760
35701247
29980525
2340
13115173
17571527
16072510
4823219
482976
29348304
17832959
6845606
12926807
11170428
6000913
27229264
8479681
129963
1012312
19319231
25985420
35587730
3366149
7010380
29356722
121822
30724132
31194232
23678694
34836911
987987
18271937
30510
25900032
9774199
15791085
13486069
8306761
36228658
370523
70256
7910742
20502270
34111673
29430049
7575736
25479398
35014553
111429
25817702
280865
3162139
30364190
27274346
36564601
872334
1953603
500660
923015
109328
26206
1510241
