28818623
567657
38107344
32718027
29794670
6505695
35251468
8618277
20922826
25076027
35506358
23725080
35427188
36794488
36952013
38227140
26218533
31938167
37323319
37459167
35777727
38233379
25825855
2425699
17883935
29904219
26213001
38561482
13032069
23157875
27250415
37751162
34758995
36793989
15837671
18270445
35144326
17857648
1049611
7569200
38712751
1738852
18244925
31443394
38192926
51080
17701728
11020173
13639512
34680403
34728079
16080301
33219532
36427100
36436482
7356168
28513085
38492247
25226021
37912334
36011863
30224579
34790162
3170458
32560839
416057
29845906
38400912
13030100
35081108
495369
137997
447996
3695772
108435
2225261
344721
406853
123534
5924914
782858
557743
48180
129565
3417828
3345951
151755
521524
3048530
1454328
262116
896595
94564
867517
1247730
822185
1485778
1131877
506908
706668
