22772
2197144
317764
201930
105989
102087
232071
2208741
157568
409415
71582
727919
273788
30285
785656
6452811
378579
2275614
535430
271292
1433328
8578673
1496
844534
3167751
554777
8116673
1000239
112968
377265
394344
95377
7969452
349129
9538688
1174976
621616
34685
561315
148938
12983102
682327
240835
798684
7081899
3151688
12983739
10806119
7095690
678168
12938582
11448077
21117
255799
445747
177404
9357396
9539092
10778011
13072949
143122
320343
1901061
791853
11775750
15993203
805478
12670834
116564
7312831
12360678
16248
1078271
975429
941731
16174207
767795
17137641
32982
5868421
2175252
710614
13528471
3484001
24704
24703
2890627
20758882
9673284
18361393
18513839
868211
13429614
124252
18773175
18621220
7150178
3094156
417505
12058855
