18668059
587291
863761
17841138
22022457
20645398
602699
3935958
642952
21401910
8608089
13526214
24270033
20657437
16029501
13515608
3758907
23482694
9965332
6035374
603398
20894026
6251309
21145508
17724774
13431658
24875354
2899121
17796711
1042416
16130228
76816
17863825
7187892
23381012
25756608
17563833
16166088
154041
18485794
25884
16300547
13085313
12493086
9958
22094238
25090534
958274
5499
15752115
11991631
18455721
23058283
9315163
111563
3275025
17373178
410810
24804101
8545967
6777771
866134
25172656
18799641
14781171
6120839
7794041
15818083
11435410
26000304
25858060
7048
1293491
11911693
3938501
26894836
685472
18335700
3401070
317500
25781691
8877964
16068040
287133
8509778
25780673
29472590
601719
23354251
539072
25362017
17612524
29507982
20644539
5691
18112194
16110412
23454468
24702679
22470287
