614168
36370936
5884588
35892215
35681611
20815851
34680319
6686308
33358760
35427883
854701
30687804
36458339
35879441
36536175
12606518
24685115
33208115
36476872
73809
34610627
36579405
32884495
15818357
997354
36515223
35163853
77673
183797
7539263
11136
20660692
6563622
1519089
1925647
17192373
6490587
23341259
12829074
36638397
36672128
36443556
42054
2348280
31328682
22098550
34208071
25739188
32446552
35294932
112554
19898523
36952938
20195859
22396872
31144992
30069169
30532898
36376125
29346870
36992177
29749085
956764
32284715
34724983
32489971
22067552
274746
14785910
26948
28239347
386282
37650575
36360655
21411978
37833624
30292329
36420317
18872806
24889801
192147
21799336
2061279
35034369
25207456
28953118
12087624
23669152
28510777
37116468
36413580
31224103
34722280
11190295
28684704
6659613
19769225
27837381
30150701
36232319
