12073835
18137207
8275915
17185633
3716932
337116
6343963
1300266
7785917
9857949
13337625
18044415
17789019
7334201
9836524
16173111
275841
9273158
2505333
115722
11459216
11083082
15811134
18796312
3358078
1233548
458678
7306261
6356187
7145565
11399934
7315436
17307082
5795018
16667645
3379039
19336
999985
3169954
13521501
785420
17304033
17285743
20758573
11469379
18776967
17255531
590652
136025
11495514
261670
7705665
3070131
20945751
20802095
2120316
20815448
18622163
10423245
402022
18310809
87635
17253860
12109683
1921502
9207753
12260608
17699742
21944206
30680
736116
4781770
7831744
767495
632710
9568185
12835
17571266
20803611
23603
20769538
19193428
15796257
5927441
8562565
10815
9186540
642460
16128925
6000219
8015504
7800410
15851516
12160853
7530046
2199617
894881
17284874
20653540
17257015
