23125407
17205241
17842900
534564
27190741
188338
13028732
442918
19654314
3811882
25225265
31450846
10769811
27999126
9123301
6403180
33299912
13085700
21342268
755627
13517090
25893956
16174363
25433872
20130720
9924169
344195
706150
8086125
27629781
117367
10579909
1031422
12426878
13581049
59990
24039422
228198
25364609
29894943
162130
17608898
22314668
1692855
242884
12107192
1195044
6347368
35154773
13542691
22307920
34825003
6218681
819911
1436477
32666270
17878634
9268693
5884193
36591114
7829007
18222557
22693203
28185976
355897
33139533
34397563
26878663
840582
38644104
32596757
3940247
28481104
37458481
655514
191499
642244
132267
1317106
312044
166430
79699
72989
1823730
314387
1559625
596923
1172379
482308
885500
16440
2865944
92555
2053067
815854
1517854
149151
57663
97012
3086224
