18552831
531391
12758317
15751404
13514612
93731
60935
50877
2943733
203073
294046
7890
4837032
171001
71771
235125
6249550
47697
327684
6277640
250924
250
4961571
70255
13034683
13258
754713
389535
178599
1420918
9912994
133445
428036
165766
13647958
21059
17852261
18759207
2508854
8008928
6583427
342049
91659
53809
22522808
1297985
17893078
760848
13266803
18971911
6747126
210919
820910
140097
312029
411527
6648020
2813124
872109
911868
1208966
1809175
6351848
11265560
14419025
11784281
16122034
12266560
274942
342504
18333898
130520
151809
22611920
16131489
1253424
128756
17901125
797635
264891
901570
95661
76179
182332
237213
208909
301022
8320840
296264
33353
22995
9462775
12987640
1838912
12568505
9835731
7199784
50146
17256217
18081228
