11709021
13412018
207889
9766649
12471652
14648
357528
2103
1097633
13399973
256959
8144675
13372959
6962671
6895403
13391406
393129
10870347
13255616
13442922
13459256
10334979
8050160
129504
153482
13474884
727270
13486488
816201
6553175
229149
856723
11382798
25657
406987
13446555
339251
1498154
13500206
7193774
13498586
3550661
4563201
44535
13331531
13449285
12309188
13274088
12567090
13308775
221639
880271
13512323
6788767
13506029
11458881
13143456
6552157
234934
2040225
13548222
13487352
10642103
9377440
3284192
11479782
1020393
13421363
10912985
1457790
13530500
1364509
13182986
10291971
9420697
10809019
13549588
724678
13564697
10157015
13560868
8544270
13498814
11142433
12675389
13488113
11698943
4971583
13562007
1052659
9509289
13601086
317460
786267
13456247
9647804
6129974
428854
13610929
8089607
