10687840
13414402
10618
163256
256003
18482979
10813
21485788
435643
1007172
15789443
2081
20550277
40471
21973254
18505836
38424
251633
17415577
323172
826852
12121575
81078
10723236
16001623
710582
459134
1111741
15757486
3246224
1146743
2565479
226246
12382940
22875391
49130
20527133
24952739
22844196
334227
1911404
25883848
33858730
32452144
28512548
29547361
158417
200335
1525997
22195
2170903
4926
199686
359581
636454
690210
202224
804698
109498
363499
39346
348823
505352
271262
36162
4719340
492069
9893331
4504870
430968
48834
9925397
10778761
11781
750609
3430165
225640
37304
454
294416
4703427
11474158
10832326
52801
7824768
293500
12889342
112525
11474367
484670
12160934
10172939
60106
1470282
6406017
3002300
772716
12995233
10637834
5985374
