183092
6383537
9433912
47184
2485978
1184366
148809
6602818
463877
60146
321357
511528
9469143
11029733
13084
1395807
1237542
64552
12886110
765810
15704458
22698568
28259869
25717278
24648465
15994537
12530
2178
24450
267022
1575141
26924
8525
142822
222340
373593
1876829
2330711
51877
10055
236709
9632856
7831145
5519759
16185
102885
2040229
35808
16342
195450
1649013
286737
17568822
10808013
397876
13995
9306975
17184521
19282938
17876897
11465665
9962040
13547099
53109
655627
21463865
22290
24993261
17118898
348914
16325
137098
7781
49488
45794
39934
24157
29484
199638
196549
1078950
68455
2219694
325779
152344
933231
408555
1620977
9505037
9505039
9505036
2675261
11500552
248787
6182702
9903
176797
32552
17334064
1134122
