12042279
18302455
8965
32767
63913
18874565
11472
47916
32768522
293625
6257535
47613
17563755
15832316
128092
13580928
112078
63697
325128
17399160
74341
916114
78427
22471294
535441
7619292
124272
18528454
9534
43841
3090465
113435
58889
30187
11387392
8138071
50667
6443349
9462
15783307
90475
12401556
15757434
3446
34529
8546358
110428
13260670
13260668
9300768
714569
139569
29800
19427193
202769
106835
56674
10996342
9293020
15724654
7748
86336
43049
757438
6316821
20504754
95186
52397
7646805
60142
28763485
12588363
4497978
13416236
6423
43325
43930
12661
43781
760
34503
206172
18516961
27833670
816870
6472451
8407173
17566243
1832749
10549501
71778
118541
250024
7510
6389704
40992
19412
266607
27904311
17876893
