10647131
3860977
7816410
10883
18001518
770487
22062202
12837725
35427101
251446
653283
212936
176068
65470
174764
137110
220604
80642
432288
870808
9654
446945
2794955
6837
79549
146487
76660
76688
76423
34596
104080
75024
6113686
412935
10869707
275247
331695
12394732
13395963
6883161
10897866
10238952
101921
11793544
6645867
766860
22326
101001
10428708
3679100
11512718
15713352
18165452
6612005
6532610
6388558
2815590
381608
22591325
18216364
15718777
11924352
6307040
22067087
67143
23361194
22738563
15791464
33152019
260042
282675
71678
1797044
52380
48465
766319
510632
116054
47774
499409
1405053
53972
28768
68204
5711912
582876
97963
1981273
6081685
16536
535754
10127019
11761455
40329
5393637
12107920
1542592
88884
95198
7881001
