7632310
5979401
4002159
6114607
751275
144006
773507
40985
2964456
9550620
13278242
3929671
824204
793298
8318666
103525
133547
6567050
6681523
936611
106125
215686
23968
13624316
7937510
278794
96082
50221
786699
11290708
329803
10305231
8437538
6796044
987756
12648447
17832472
15853208
30362
6871031
6780650
5465901
476733
17449247
10800955
17332551
17670941
6682525
4929272
1902836
13645303
18631820
476909
19101283
16101026
2138584
12260585
9134923
20943489
6763730
11288619
12392681
18808407
120540
158005
916856
18798578
13563068
1228439
23914209
2472317
7933814
157551
15843286
6633007
6582448
22716194
17788100
7327326
18222699
15743650
2310780
17465467
18052619
18487675
28493748
188454
11222940
16053275
17428644
18710209
7864243
20775702
17571236
18739426
7969594
930629
27223433
2166416
28436388
