16200
105657
10407279
3585061
25005214
393147
16046
1137215
184850
5598960
3598830
43081
7544517
196564
18340482
10392065
388223
187065
26068357
23981700
44847
79551
5628393
355917
5266655
439941
82333
8496901
7723
498389
41706
18401393
32200595
825081
625891
7762834
52588
10790277
27326
13597755
89359
682793
13436373
17407233
395921
1395209
5471
674342
13140
6681333
47618
1998880
32432
164720
9972882
146122
57042
17457124
78971
20912424
27222501
2152
43815
14358
6436732
382549
10380227
68378
99794
17191012
5802140
10813469
12341557
13538992
81524
234501
17670709
46755
2095
74176
11305364
89788
6625002
538871
9160695
6782465
82531
18739485
54121
155370
2159
13813
2237117
2801577
6048530
86172
7293120
17157
47620
11987465
