156156
10757361
3962401
10987496
1190156
180089
80015
17668133
23720
12071576
914487
20987875
18214192
5946601
21858914
20570870
1515582
246849
26876900
63169
22546587
25421643
6185409
6691554
80233
511655
17379323
529488
25326278
5757794
395112
8845395
29008689
16155324
8156399
13447981
63024
16030726
17740194
25568239
12595
17790217
534606
5083060
922009
10644236
19304406
22609256
284235
11019
12598513
7093665
15810298
13507796
40698
1856301
6081088
297044
24859820
18226785
13331282
10284324
25898265
16168956
25748838
548474
25574495
17791055
3772405
6639766
23398714
31076276
882744
15755521
223822
440201
43098
1446901
23451875
863993
17831690
15780507
18754638
629619
1264155
1410294
17624048
184195
31694946
196945
6734351
18747628
7859343
83417
25097739
30174877
33516429
196057
33300044
6719735
