6025160
9690646
20809
245965
209966
12738342
3443881
2084211
6495359
888674
14581838
3071857
295961
1092878
1693617
10109
965305
93570
1018944
7742850
10058959
3873259
54330
759234
390062
159336
17201284
13228177
68768
1499988
6475414
6460649
780629
9823976
176790
557229
3657262
704172
429597
625560
5323360
1372600
687270
15873076
2290798
24307
18513774
5983202
35335
358815
15701217
21489527
18193861
867097
347245
93481
17277814
12397581
21825761
69402
17788557
1800336
15803748
18866912
875730
13500004
17140549
110433
7285385
23260742
25278406
25553015
73934
18815200
16006233
9730695
24131364
12180204
78988
10443409
6739053
160939
50187
920181
1373866
17290655
11498183
10558
296518
20821299
20665248
18008076
342834
13501399
6416260
22555995
997335
15853333
2029379
15729137
