3347728
18868171
3156448
17620971
18283925
21020228
20518786
17334499
21417857
13036427
6951263
1755359
25156675
18142403
21420175
16082535
2889093
22704965
14412458
22025184
17372568
21781544
16074409
22048861
22704574
168622
24422234
84067
25160737
22029330
13479092
545382
6577838
9854833
13253120
22736752
22094901
2883244
11069481
114550
4631495
817357
22522805
8309123
25308762
6069
25359392
7632066
18775250
18042652
25688796
18397729
12953520
23813366
22666463
23266015
21531395
19395125
6670958
18170549
6340287
21775677
22670973
12730706
98658
17686
20454672
10220503
20894027
22032673
20342545
2895061
23268397
13410943
9832370
1270360
23517137
547280
10438154
431178
22381622
16053100
820905
18691400
18212103
259861
16720
18911319
25615424
7045275
22855313
24484737
7779696
19462568
2635557
13623874
876732
23399228
17828166
11066823
