53086
3276137
6352965
68617
223391
5576654
709576
9562093
5280062
7565545
699692
6506447
793109
317121
114211
1623904
10179185
5520
856917
1676642
226078
2345510
6726353
9879644
1179759
2573751
9349496
17495
7807913
10593908
862104
7957278
105638
1802827
6324115
522597
10239677
10330110
1252410
2971108
549756
6850178
69722
768952
50901
219920
11782
91092
1421120
10211423
8489018
8203208
6329337
194649
724994
12539225
941785
2760876
7940630
925697
8596384
3597205
6734558
1294946
3119574
1403416
7011252
9790772
12069290
6393583
1880618
1374250
1274483
6333213
12600447
21343
313655
188127
1517731
1288523
1079816
541733
8387154
11547853
7077007
8702424
84487
1203294
9746125
371998
7293595
160317
146656
6441527
1008998
13549694
9962559
12955887
267205
25893
