1131021
17372210
15797745
25977648
5486
1691909
7432449
29456
1303868
1244455
4745993
6149437
2584808
409377
10725494
91494
25255576
552889
17380601
1530539
23289498
10532409
1097740
22367862
23664763
25843415
28673199
25312405
16136784
1334048
1479366
25658546
27754902
306150
6522693
11340555
23048910
13549408
13184721
25231849
16301104
15942801
11280184
11040554
22892115
11468322
3772126
7931350
17237260
9648408
1132277
6611515
11640615
7725394
20525628
6899001
29212968
22535489
18626779
24396333
9667105
17401028
18656036
11071581
8642793
2452102
22842257
17936599
26892389
24309770
28231804
12510899
3511225
12265211
17796700
13512946
17287242
23535031
12329859
71513
13356190
12968705
333706
300947
1300
23483599
21859933
9706777
15702690
24872910
26626309
10794492
21120258
16057621
254520
18195197
17920175
23298761
23848300
13192084
