28756
556975
120992
440419
774088
2603528
366821
5711724
226354
666276
50840
2598001
68336
239917
530449
1833668
6671733
4540242
169710
2808430
23194
50615
301823
555507
373009
6263078
1312205
28677
6690630
688993
2141382
1311496
77998
6978327
266689
76822
15151
1630443
6338123
1054035
2342881
108119
49045
1128364
5451
1755494
42144
359759
1114381
7548073
69826
5987863
86888
2715056
466223
1327308
178196
6277793
66517
722192
2090400
608823
2207115
1621228
3407823
24783
6335324
58094
122212
7642668
320553
2913393
53440
72481
1106766
46761
374835
6795627
499784
181116
2616682
72695
174682
1179814
4731555
8456384
8464587
999733
887089
1611127
896880
8802454
511239
38988
1466282
7214797
33774
6695665
441046
7132358
