2880
38723
28876
24920901
6249762
902715
17802724
84573
17886
114166
28293
8696
15982935
15717876
19068
433533
12813630
30194
175242
49465
10128428
9305362
201345
9420
18081809
6371117
9553503
13573795
153785
6597651
186103
7823678
14060046
17158513
17878917
29844228
189783
30512
10345937
11922
11597
129616
277397
3755250
20443207
17876
6348045
7744064
10327303
9646
57586
9013
6464094
9395215
249042
15755296
47956
14864
91476
28547
67238
61942
14680
17162
1254951
6916963
7261549
6604209
49455
480479
5093
21222015
5126859
45109
225038
203818
100464
6600807
24283871
92121
132626
85987
25051
68528
71776
22584
32638
12908877
782580
31093
32435
3373198
12969140
16248113
25614492
8475505
500743
9355
12609
12925063
