7147249
2440646
958277
1556485
7964
759910
56157
6987558
721017
1098720
448644
92544
303513
4765019
878675
1307073
256522
8226034
1763722
5206311
226075
7982114
875302
96475
519087
10048521
60212
7208139
10823198
7727548
6077427
362
8105187
8491354
7323094
1088664
31156
6501231
3070680
2933268
11245
591978
23226
1032295
78208
2403681
9260669
8627927
60100
8234195
160069
718862
398660
844349
6282146
10473353
1445805
122619
6644111
7989447
161956
6334008
777343
11871888
1319521
1874883
50784
204097
1612302
3437354
8466310
9280551
966972
9754997
202183
5155532
7078573
5945363
115030
6783155
3271565
11592546
6048944
169959
7957603
1192193
721704
298422
22992
19311
582324
3119173
8207176
10502331
227111
9838569
526869
47955
630879
828393
