18281341
4015864
20806029
1780471
904597
17188067
20957248
16173923
12750295
10276792
19365485
6725896
152838
19522187
10080434
21856225
16104091
18641060
2479403
9732204
19540203
21480824
21847032
18138487
12849260
12924075
1923566
20589303
21864814
947848
149214
13122981
18383197
2112744
2404797
21866357
10158656
1583018
6083312
22009174
573346
871284
21536209
9780099
18332302
21971818
12812360
7884255
17669067
18226784
21807777
20927207
21979673
32289
20567178
21914422
20640026
7276331
152744
2709742
109774
22709296
21539242
21915501
9428785
17612720
18250707
21483202
6982581
1040897
22062120
19139026
20506085
4170217
18841647
20711061
314114
6096231
8666973
13594969
715277
7362781
18484905
22012747
7803610
1033227
19124921
291933
22299304
20706293
18813279
20785104
2700933
885497
1530100
18928810
6455191
11678814
87564
10454232
