7453425
6365315
12519325
19615646
6293883
1306954
22340465
22011936
372493
1011631
17798654
10230238
824762
12079188
520111
22698051
22559534
3100880
1480102
19288260
228539
20518878
420753
16006575
22735108
13528381
2832015
287571
18657122
24968047
18366733
9583669
6811150
6716024
7293597
171351
18681071
311696
20793484
24688501
22446955
20808606
2167585
8104960
9131238
24966418
17303844
897426
20702029
6761277
18061861
24976329
17164035
14741167
25006545
20801166
23432705
19102837
1260916
310999
7494627
24834186
227903
22980201
23498189
7169581
2465823
25424047
10367431
25576253
991849
17338668
23269991
17278
18635113
22892956
18667798
13411546
10308381
12555973
21479582
18370024
25625586
956734
18478046
3556696
20578950
18457326
20557345
16128535
906860
25451022
1120851
18803832
24517372
25577721
13722527
605609
25597461
682173
