15722923
17860217
11028964
293983
19104
22188
20413
182430
8592946
33454
93938
114159
178565
1061004
181439
3977
7711273
182425
104160
6115138
252838
10649555
84552
10791807
16070018
13641208
16071681
7744611
52090
2124105
299596
94799
275844
14461
258468
393636
104159
937249
3379
10599805
742272
173673
57529
71867
405589
25490
10006
13366259
13065142
8248
16033909
16116760
30013
170453
213347
2021815
104097
125959
28733
402014
18887
11690138
38154
2011272
186427
123843
230200
529474
2203766
58506
33926
6217361
62268
5562484
6781956
896627
34057
8706185
263972
227729
414895
8793878
18890
574955
23168406
27204343
123036
13623
6709
243257
11413
5500109
32421
7430195
772852
6065629
23232
23200620
11980
13618
