98800
515593
1002873
1188297
394162
35958
103758
89208
3991549
669859
368493
681545
420182
747399
218576
25332
6462
102323
4294723
1387869
2436314
441665
8603232
6357881
6788489
1294471
2175264
271660
10891220
147537
1369884
632117
816663
31351
686306
15726505
1111016
189114
11481852
15808322
189015
10694189
827326
410412
18874307
417549
3240765
130479
12789837
16889
16061093
817309
5750910
23155018
964427
1189719
25587068
8377066
553462
475267
938874
32620357
6093374
177539
6407014
16700253
330264
2506666
1355595
3843654
184003
215297
702304
114386
154929
12366044
95260
4821605
5086402
1441914
50717
754333
878037
289524
18130046
43708
18281528
13542994
11997316
48481
7670580
17912906
24468960
16102049
616783
2467716
9634
17380479
293045
25587067
