303472
9792287
24968392
25893050
946516
105704
3354025
90360
6638377
543086
7130788
10859509
12842
21805717
240485
80616
20995
828084
3817859
9266776
12963146
12881141
1422253
381102
13170607
18211536
13707720
25724648
355190
6219415
215492
32255
7352840
6557156
840
66717
219535
6080071
24093
1376220
739840
1599297
1821571
330744
777824
3272165
5161
5269697
8677937
17324
340587
10429067
142900
15052
136638
130028
862109
16532
7673
17703290
22322
33356
67377
114683
32827
12706435
218427
2337379
28863
141152
30196
139986
4212386
292668
5038
13661
3556419
6527841
14367051
12977172
7187395
26435
7994
60403
187809
386286
295741
12615008
17825503
7146335
303200
207365
2440645
6543755
199783
475
4835838
11133791
6710476
16248114
