9501098
10297024
20706295
13497008
49116
20986946
10768596
11417254
27278842
18462640
1765082
28204545
15981669
29991719
21437181
31570715
31850872
19258740
18656280
15849318
10254749
990921
864699
19322012
17428641
11781490
16270446
9315614
370045
12049592
6434232
25756989
5497789
1172822
25733088
851802
30893014
20409985
26109094
148050
11420997
10452283
7502918
20629647
22375881
1018951
3184678
1591114
526307
19187435
23014513
232187
2815672
17347380
870334
24856203
1929407
22909838
10620717
17692
29749107
25453426
21524446
370082
18693743
22859522
689225
31423551
1031
25072476
26054764
462132
29358487
194676
25243735
30212049
74405
26458135
13272633
29758019
30518478
32849218
13408579
23081380
25373472
25711493
32521178
4786064
25139420
22881797
4110127
22611804
13054267
2272880
17912981
6185835
15782369
9860272
886095
13174178
