10942254
263208
23120184
302699
16255224
17187251
22712062
27193363
26309916
26070309
3106266
13530981
35055257
116884
18190302
5277415
10900065
34020178
397277
342667
68260
102504
6365221
5083549
9279068
7908638
1373618
472778
6624
66683
379095
3408524
110051
58272
7137160
246275
1764634
369005
9750872
590461
207781
16155680
11164599
343036
15762751
5602792
2967943
316287
6316125
202197
7838460
18367796
270490
79521
16081202
964530
1728380
16075189
212087
6316158
89997
25040077
18890081
635270
11737387
20564399
554491
18277991
29004997
8933944
7186254
27193423
31123339
27824225
29056831
311190
36170213
34532131
4472257
17924152
30259041
423271
41887
147326
407489
74130
307033
251547
128754
226759
484548
552344
253153
616475
320845
1913765
450784
673908
337623
246277
