593153
49188
13548792
12956175
22358
12503245
1088284
11215260
1058636
279724
170970
12305515
1574182
6705323
134018
6821371
490368
344219
1938528
359800
16176693
13630444
835459
28763
6582957
12360719
1212774
1078272
1908456
289733
279671
499094
1557362
106025
2296532
13994
860559
10777241
2360206
9301842
221044
1352016
7857656
113935
6821262
4135826
9284095
383104
20758868
18244684
18513843
19424041
38290
20622797
2494204
17912893
153819
15770498
600029
17972963
11797374
10335329
1044575
16098875
20525981
4897386
589503
8112595
16457571
39309
729382
13419139
7913987
16088921
3063035
14744463
18935633
18136448
2371357
13552214
17232332
13278125
22846570
20497609
20835846
323980
17934463
4639549
9279284
231917
16248246
521147
17287541
6085039
18249261
337534
17334062
21346745
22908655
7054178
