6594869
402836
1354668
247897
592073
107312
22598
78218
2157324
428181
1559895
8730060
28024
490430
268406
12059096
108914
1061931
437067
27200
915554
10329439
526613
80989
10122126
1634982
1070480
297219
77786
899305
6432106
47694
850202
5523844
3059
78428
329484
316138
233436
6275767
1037637
1992710
6328911
615234
6488483
6313736
3335784
2112823
12643015
4428219
1269427
208719
359828
16071187
278299
1713912
2669268
13629951
18630187
3290525
12751121
17264193
294475
9119526
3420
16120627
8016836
86938
7013863
525995
2435801
9610702
1758694
65091
7739968
32980
14335609
9055213
1192530
281881
13547504
1951714
1044234
20758778
18343155
1820122
18715729
12284978
7670905
2409564
552274
13616471
13485153
538166
2040512
1207904
123598
16231721
13565990
12545444
