433035
12381722
16093188
17157374
13589182
12030880
15762770
17914340
51069
6363598
12394100
17159943
17455817
304752
489612
295107
51670
185289
8574
356896
115130
2983654
913689
420729
85957
285209
7823974
129984
5509
8926959
16897452
8044557
26053
9862761
759611
76314
53673
761381
20757528
24365190
18602341
13364506
75579
18744618
21340682
107315
1051620
1058611
216304
543873
289644
2177236
128759
93521
29801
104898
17994
350683
40090
7823800
75234
10675183
2344214
15795628
18333581
13583463
139987
17182049
538859
13416087
11457525
16526
12994515
27126
55352
803120
2281
480575
120555
15568
818372
110444
176788
30069
1003406
7945049
1535134
2884758
3239511
136216
137964
904538
16069167
84839
22504496
21112453
23525495
47730
30292
179335
