262356
8721183
17929776
8441754
13171072
17206996
10331050
676
17346301
17982897
6631750
13159887
18239142
16090271
2530392
18124599
17140887
6893384
18362208
17453516
13059477
17349023
8035987
563362
11323484
13608643
16401102
4736889
23783832
22594750
14291975
23650217
25107900
25506341
8596181
20749
25419982
17856132
97030
18226389
22587134
25068547
24359139
23706176
20939933
11252929
12530184
924059
866618
15809617
22084431
181133
18365395
6136573
816815
26309016
2195230
15755201
6597855
28251002
26008216
719600
20737476
29356046
522110
15714503
23272028
33375622
96200
64818
184657
65399
2932708
295685
425809
220741
6561
68530
1976325
817380
6665900
885387
164760
4329619
7877549
169651
6177371
418209
2439931
650201
384962
59817
56083
7778609
4610292
194700
133775
179734
1958785
7789774
