1158123
359801
7760632
13632359
15979672
1156023
6453321
104287
8585524
16138209
9673936
15798364
2280234
1358088
279672
17877726
1557359
195961
6630563
12025637
631177
15790893
10574666
17336363
761158
6613764
20758820
7282903
18915863
18513845
18681077
3550665
153806
9711714
15748297
18482611
12940305
16005699
18111194
6707929
16088458
17794028
3407354
18002071
39307
18079646
22400511
354518
384312
13505863
1507235
13552223
1228638
284429
18686810
18814756
1565921
13514519
15814192
47695
10134425
7865364
133237
922118
7768158
1428984
919341
13424671
22609791
17334066
7247511
500383
22908645
19254731
580323
982133
18680604
20623984
19902529
615899
22008279
5967300
22754100
11359201
963147
13622723
84846
19312477
17899089
18110035
27717167
23380982
864694
25151096
537094
10311581
2183511
15845828
18679391
11059676
