16069859
15731454
6352248
18170438
887460
11437571
17740960
20673914
1396182
18054465
87060
11486374
194546
18973367
17374235
17566623
4446305
18142606
18343240
6509589
18799225
19207133
161557
20754934
7507890
6184283
6924788
17931757
696512
1575104
1905106
17728782
705069
1230236
1106474
16130211
7696135
18272318
20931358
20549384
19043685
110390
6750053
882909
1334790
18580448
103625
9490827
18783662
19468416
891593
20746822
18774663
89588
21395464
1299072
11196970
18754418
19068786
2962331
21400348
7117689
15808592
6898663
29648
18809474
9064116
21399540
1872928
596307
19321261
6413374
856190
126184
10410683
984021
11899389
21404695
18920496
10552338
17810
10512209
16038278
2467738
13449244
7129192
11797160
15759249
18849801
438257
6268632
1800712
19492453
19507801
8392871
20498767
22007080
18167090
12787245
12371484
