13356671
14402206
17268975
18142171
23489268
8293843
21459155
71405
15830590
6817093
445593
23168945
16141832
192176
265205
6658570
160769
13010571
19161855
15727152
13356913
6167746
23608455
1425260
23612703
18342317
21362707
22882294
13187961
112139
6235270
8076919
18631810
54595
2068265
12366032
9667290
3400098
20979794
16099205
17719357
20555526
375642
17853192
11797368
22596462
624988
6467362
17565924
1874364
2812905
690563
11539731
12737637
13560337
16080353
763362
17860826
13454219
20320920
22096445
16025807
15854620
759175
19172484
679464
13330348
13244538
22882303
10156954
17281362
8529716
6372730
23597311
11887018
775160
23007471
1215358
22962355
102104
1542418
9334058
7845973
20256737
1003604
10321640
22293535
984782
8111382
17415480
24285685
6749815
17181855
668645
13105
14739812
2216760
20550280
151390
24107981
