8830
43475
394986
174354
5567367
748918
64725
2771105
2238121
11455677
47884
265795
8146077
37124
2255282
219812
515290
7216501
40795
944267
6288940
139864
7573098
891814
9316891
217605
1057588
1341693
7654724
105920
9633188
4652650
813721
122999
5368029
11434898
1026275
298426
3143533
578241
21192
2375406
7843633
9833965
1739647
50039
558648
1020842
1237630
1475250
299835
11731748
12451003
12836009
105748
6372
11318315
4335732
1298780
6949634
13728
9796196
9463639
4031804
6935178
7815478
7654939
13499303
6227028
405452
7863547
76982
86889
6441528
250324
13088860
8639835
359643
11986000
687744
146376
12844448
7331622
422402
10592898
7794043
1882845
1953735
615955
465812
11473888
1079482
3105541
12286310
116231
55370
8163356
1227189
290569
1327767
