11653832
17297873
17881311
18192699
1676414
12515237
13113584
11788440
16038973
9198592
487238
17732274
13171348
7332753
17409068
16190863
6986084
930428
13372143
2072511
2585588
2488196
13147661
18387010
16119167
6383944
507086
6668703
79673
17906054
7765477
13564754
858719
18626866
17370576
18620005
647682
18141125
869969
4845
9759300
2249507
263021
17383763
4360
10222566
18173687
47944
6941321
236872
872477
6845839
221817
1277911
1726276
939467
17074998
651964
13505666
17186369
1855163
10237603
18250100
211780
17084242
18430056
18759717
19545312
17268898
189080
869609
13587039
18488022
1312348
20368405
13233578
13498996
18753304
10299092
533038
7580
37040
20601464
20407756
377163
18588815
12412151
193856
18678972
18628751
18586193
18490665
64251
20694404
1293796
6609745
12817476
17834453
18454599
184825
