10396144
479561
694321
168402
866222
557220
18589676
18589637
6627943
89361
89352
9566119
16136176
73965
64503
414343
24151121
25234004
100142
22663563
25016497
1489339
228193
29367958
836609
31225
2255114
252669
2268489
4570908
5072077
87348
13843
25296
819487
1797057
8573020
201643
8081589
7656231
225741
816445
11168297
7247854
780866
377425
493
19476
304344
62796
62802
985386
115673
776212
9876989
6643714
6428155
511566
1169556
3437328
45260
1199688
11178225
136171
15798797
728903
89362
347612
23196814
107792
18889
12899498
21936988
5983694
2782082
17261
141822
110457
25300956
719382
164631
455925
6525985
509493
29802
69139
2074153
2443516
16051
148874
6834410
71863
98378
8882815
8364977
13055592
278280
6060966
2176
194805
