13167125
692227
13604852
11400008
390046
13563940
147146
12363064
8156791
13624741
13624274
1593855
13641013
13613471
13010378
10033583
13480718
1174660
4680339
13607320
13640052
13974798
8067768
283487
11067979
13648165
2920664
14345815
1427459
348375
12401100
14353765
2586778
2420801
13723504
420553
14421103
12589190
613605
1955837
12675648
13459791
89691
12160826
1198700
15707174
15712314
476875
13639318
81983
1298201
13505926
15716466
163677
92254
15702273
7148705
13411766
15725937
13452847
11286593
256397
4725669
15706512
491735
15721990
1548616
10380604
7798222
15716791
2252204
15716457
13117308
15746808
1022331
12822875
14624644
1037138
291147
3426706
3320520
15755076
15760702
12032357
15762766
1255227
13490663
15767465
15768346
9721891
15770786
15771187
15771687
10211494
1344089
15747245
179133
343612
11693
10402479
