18114581
8316468
25645091
27132956
25820836
16059442
16034876
17250987
28261569
6747205
2919938
18210450
2319322
7268995
18666794
22708892
17789154
12969423
17375024
10561315
23978654
78
15094720
2494990
264447
16064693
29240201
18210707
759534
17700408
14487476
364843
12973043
10161745
25862556
18465634
402191
7726157
24481697
2119963
3318962
10485030
953167
2366001
18300173
10996299
30848257
12905826
27412440
855832
6639753
354421
31325435
18888463
1814387
440417
26851979
1466878
25487944
372160
15995953
13073347
23418947
22571644
18709614
7701058
27833618
182163
6441706
26144551
174684
32612057
21283068
907676
690609
8276792
25161857
6112
24899667
2974811
20518842
15706097
328181
74557
25097766
15793094
11351181
28813453
17838172
13542242
26256237
13080449
374855
33628526
6538999
9629
17347383
17736526
1479330
11323300
