189802
15769
227778
30036
4135863
6973752
808627
2917076
6760793
106126
542061
484667
114122
9606839
15724014
1659305
10418404
205041
4619263
191960
327255
845150
3265484
10867262
2889121
315511
472580
8960483
8107779
3282084
16101121
12252878
3023
7905977
19055104
50832
12411292
57858
19732381
10947600
22074514
17932320
48019
10694831
18089977
73806
23494875
1559509
248309
8787
17800786
21459365
17852690
6605316
26191000
28001622
1384
20613571
23740830
87784
5113475
25810368
35355104
96123
997897
239848
613727
77398
867162
537107
14096
907299
6076864
7901
958158
6641796
530385
454095
110331
90334
905885
1470232
5577077
708465
125958
631243
60411
8542839
9166559
6273
8538297
286879
2662169
12327566
9794942
7123181
10221138
8610067
68333
19809
