15777621
22054340
23948120
25629201
27851253
215542
33024
3115070
43893
295650
330760
108171
78250
2121231
18285151
18711993
72159
49256
32506
462033
112147
45436
5180
58098
13411245
8354134
2288562
13614
340258
752994
295834
16134782
13003565
112110
93251
215541
80568
10031
228258
5497945
120274
21718
17561022
222078
1169808
11378
11342260
12397415
12715345
12260642
16048485
17317590
20497446
18712886
22864430
23651235
24789250
17993765
17450513
25833663
26077060
27226764
27270030
116012
38913
7121598
615570
10768183
16967
16062210
18517625
157985
27305883
114132
49746
6393
9992246
20438403
20886702
24909485
26569610
23129410
35488914
35621414
195381
818811
162823
207410
13519844
566825
18769784
17401136
26777823
3314550
394749
33027
824986
7507951
19508
6678
