14739062
2253212
13311347
15996855
752936
3614388
20924605
18795429
337040
23373462
541703
10290752
257108
12486945
926261
20507095
28607045
907820
18192717
951895
24950581
25952851
18402247
459822
7614652
25530779
8901953
3405951
17046614
528468
28801469
89526
6066837
25584434
15746428
6511526
13554209
30600
32198288
23656346
24398419
1176729
9847899
6605722
1182984
25717209
10093997
7307795
28365203
30364774
3048071
13498879
121715
13626770
292125
1644785
19170024
25013418
16277251
18219426
29370481
34128214
13369878
34500937
18621101
15923487
35133826
14287575
6378489
32342137
7998541
34879201
857501
31363565
28961307
5981667
1558556
212985
432463
484028
409416
6301671
18486
372853
1385645
206855
6376522
1503998
385211
7151978
288987
160206
498406
1107821
398477
6496777
2091315
8152618
7796390
2045155
