12156759
6793336
449
6856703
54076
9658269
300674
40490
2649029
3241366
768884
618520
291583
244357
11706669
13591672
7187640
2623267
45386
4014985
6584019
184356
16157776
10454418
11849067
6853895
7249522
16280717
184913
6164596
17181677
17133068
11889938
165555
10116769
4369839
318742
15989553
6577337
833312
17877452
17879095
71149
11702
17612776
15830010
862311
11088150
17033173
8869236
28012
15773979
36434
272614
18145294
42435
18388177
133238
17970255
19461580
18839746
35961
186837
12578370
41538
10569269
23209888
138516
23353850
14347714
14744360
23345583
23494599
52184
20911445
18077752
18077769
146429
20890479
8493681
6528980
17756559
24088823
24926015
17333289
10213367
17278396
1491113
9415957
64097
13490314
859887
23395098
17347379
15746527
29059405
17262366
18214704
7790524
32316602
