33023835
1647953
30054564
24611449
33386034
22908718
16218778
20321057
1943960
9700386
28959148
28243032
3872
343803
18301308
7439970
7895168
10765282
18487904
18269507
31851488
22728670
102952
32670889
7181447
24292310
34612133
20891705
15740260
677285
6543315
38647469
15865021
9814427
140031
21795442
31373762
37538182
973789
450767
667986
567223
5643846
698079
117370
7140096
2474204
11394
2753725
140098
5148661
353303
6357380
425099
83392
42604
265923
3677902
5064607
101172
2896661
453960
324377
300650
1624920
6967438
27607
715215
6281917
29587
5954372
801667
224176
580213
29531
1927111
1608064
6924697
28687
752348
530340
270482
60976
69933
3389200
568102
92484
892463
271258
2930777
5226845
6869
2084518
2433478
1257797
926284
7531164
206899
417157
400148
