91203
34521870
12262741
7442
586472
53447
6686092
5167
14384
1099301
30262
114230
183660
8962
46544
846984
6101718
18386
40102
12448
34262
44234
13929
28078
823
42692
341735
10560331
5217282
190361
1661957
13453029
23174274
31072
11925514
1278752
81227
2845024
13125947
9820
11947156
34504
18189606
46777
79834
29580
20170404
23513349
8811134
19312
5047880
12983100
144350
4625
384597
13637412
48318
18776097
45108
18251020
6944032
333867
112077
31336
18301124
767171
46227
24335
5348
9378297
16069030
448873
6534
13253276
13605723
64481
13895
36529
6919272
30324
1128434
10775
7991200
20821111
11454587
74389
31337
9681214
82970
99329
65112
100924
639864
12033455
5941233
18553
218467
472343
23766634
172327
