2967050
362199
1845953
29216333
24324198
18655654
24958024
18170583
13130990
819296
160425
18138189
29285314
28931825
25494391
22737998
29093183
24204235
8701129
15810115
7116594
833493
6395291
23245584
16168894
16060302
22062499
1542
8433105
53494
3892210
13424079
29478816
30090416
30091943
18507827
1871187
17287009
6691056
23310175
25084828
24268361
7356329
23665735
22529434
24264796
22927276
26127328
21971350
20623330
17624058
744322
279691
3511224
6319969
395040
17336894
11256624
26539950
22571652
20484545
1053630
7044136
13041
23654974
9783200
1307
1081628
1363748
20980987
25493874
9476337
23763
29075421
47532
25716705
16100976
18265371
1192363
25555839
16154069
849769
1888246
21411911
18486818
15829871
25663912
6323104
389704
18062640
31197377
18774981
19079
1602960
6659140
17404280
110863
138502
1643931
22396569
