6006413
1608081
25878123
24831147
2262521
24385884
510539
846857
26137513
1575238
15557
687677
960427
7552385
33279879
26849943
19615422
9300207
31454900
12824286
36004
26591767
786729
12745352
12962546
19348335
27844605
9687440
37811619
32876266
223403
7138
9806531
25132837
212682
16122215
15019
26817925
2927872
35629355
2471719
1720375
754354
662803
2166165
209330
258453
319399
2074330
25321
1686466
72758
199791
24524
88496
139657
781301
451037
385580
917694
1058758
458404
2200913
398863
306149
6006313
674220
143137
563784
6821513
6376772
34509
1898916
6409692
14007
7305065
1411790
352588
775975
311096
2158606
88868
8525299
7832957
7795393
116472
2773722
3192661
469202
389688
2790866
6238846
7131681
490136
1030044
6321546
7694378
1103999
106492
1689135
