8760281
13494834
425137
2650712
25381441
13111307
18811704
24781070
15771115
20578654
5972723
123512
17383037
23805325
20429878
4457071
13707734
1243799
9862342
26860286
326272
13597334
25144725
295265
6948214
23471550
6739890
16067444
22500578
307831
4840025
10846498
6989932
17396350
6760628
7663033
1459003
6724870
17906245
25241317
13547492
17796243
13503848
2789089
16102572
301826
23298019
25592538
6315470
2689761
28225795
7939859
18301366
7626651
7959481
1734389
21052827
10656979
324175
9541777
3634419
227286
30964236
33407694
13445123
7432
554286
6454669
28501505
21819191
23310670
33220052
2520302
537601
1989154
6225169
90017
31840116
26096390
6609848
33615914
25875588
3569562
2457010
32867786
2154433
630686
19230476
552817
1931838
37803414
31298617
223416
22887102
27261377
253993
119491
36987274
23008725
17405209
