16200303
6609714
28940
1301
7557548
45112
23874411
12518734
8520362
18373829
8487363
23279048
6424
11187861
17383994
10882
1546936
9526658
73084
44687
16173867
12279
107195
6858
2533529
346087
107770
292740
3656
1756703
16109045
32590
7129588
12961307
35206
23814
24580
224500
31331
206962
15779
743599
5618698
6329547
6337006
5128
7132363
15567
8164566
2090640
10662420
25146403
156378
63137
16331
13412515
11532160
66370
16001893
17312201
76664
3863861
11346
67006
4339
18172471
22669832
1025685
15320
16100516
13555073
17332969
386162
10118172
24985876
5356
99383
16951
165030
91479
10163292
12116
242472
24985673
40317
15967
420415
13038680
12681233
7853137
70912
301538
10579
18266
28760
8349348
113429
156152
653651
44660
