1908372
12891160
18176350
7997
1420902
13451613
9147089
21971980
21539244
17662965
13526293
11858222
78842
13565227
910152
20404780
20782781
7713182
766917
9772406
21445001
20691282
9313604
17320075
817501
846941
16615568
22052520
76703
18669698
1283619
17852083
19738924
9401603
761197
151685
6680836
1432778
19337
224244
9264106
18272743
8883573
202216
12756638
12839928
281346
1234704
17978443
3171693
17877542
18246803
9741111
3577125
18361473
17924018
32429
22025754
180806
376613
17901330
21943866
21409704
288301
7657484
10893214
13507661
275474
8900254
16046401
22450158
9681425
7809221
22240018
15698571
19402121
4905292
16072107
17317164
22430102
679702
14429156
18242339
49168
22059486
21916526
56636
20603407
13375285
1300270
13419382
15715578
22022518
3595953
19547700
22043566
7851791
22736720
15814435
21457102
