680231
17054
52855
281578
2037559
3248297
15873109
245705
23352679
8014
22373734
420738
56268
8533473
5520004
2346722
22319819
7506779
1042367
21411062
6437544
3268751
2699898
410927
3017948
23278216
7631912
6640559
17792642
819992
25056528
6544497
16093555
114173
20502460
30333938
26192868
29806565
569674
765093
982011
24365015
173574
23790992
13531066
796056
9043552
2855642
6945037
17239882
1703186
2678982
14272
322053
699654
3345720
2461765
92375
9314438
966952
866438
6401375
213026
450549
2327608
246274
15904
238141
47559
6546
8693243
10753015
10281923
22673
7695240
1069174
342586
8982561
6487473
172134
1996124
15758470
17281156
279680
1294493
221626
11035108
6933505
1412055
129635
12618154
547082
114496
41098
885541
245715
16085517
81826
135104
18935284
