9397381
236819
12812180
3214786
6388255
1106618
459869
131011
508879
2223097
240142
259538
8964735
65489
7422080
6779796
293149
173325
596379
12058035
875814
1191217
13412372
13562397
1749940
2059339
29397
5501505
1290757
8323386
4546386
7553171
32127
2162664
194458
102303
7159489
136990
487445
13547345
2314195
16341
7074373
78379
3769972
16123002
467705
21245
2059237
3986539
17227639
17204614
905331
9631965
15846851
177366
6282143
507690
1820717
16120604
12820074
473678
207331
13407490
980934
16186781
1758199
2435800
582067
6218054
1576915
604799
17678653
2412967
1333030
631147
1722423
1105474
7538512
16117160
13153950
17278153
86062
136531
108942
55442
12280551
12901649
16177633
9859588
20758717
521648
18589681
253772
13238290
18782501
18462643
76889
278129
11380159
