7035
1324983
4990508
1594130
12106826
16147062
5099958
15018642
967511
15698462
11393381
8586722
696991
250485
1395228
18177004
7800211
8272246
1238661
18685579
9631104
6971551
16152129
12837183
1850183
17835709
16582289
7063585
566679
71642
143675
18047306
9933894
17233630
11045709
15789361
145647
11922297
1092158
20758643
293555
18221999
18784927
20646451
17252254
7734264
7265016
2669460
7463288
13543142
13444754
2249196
549385
3121124
463780
423797
18346345
19319902
16061468
16291969
8289133
6657126
10372490
13633444
76668
22252157
9780131
22666184
18753589
22325152
21897817
317862
12725737
16148208
16130500
13634335
676857
402118
20710353
12758240
11825646
73960
80977
18269969
17757954
16058045
20349248
16172191
20980814
2287807
158785
23269394
15699009
17900106
2517511
794684
3046107
13224790
15698746
1255731
