532856
32315853
30839467
1165123
985870
12399254
35716920
29469165
19036647
23282635
25897851
6482251
23208397
8627003
23127387
28604340
13087511
33402176
12889294
25313171
11080840
15780691
21402336
1345107
23381707
23878688
6474476
33602101
17260024
6424009
18710116
35109150
29430512
20631345
22875089
34213608
614863
9898339
3326541
31214030
192175
26053112
4526763
1907303
50274
36438374
29526051
33517563
68588
20937210
17072247
8196252
16098696
6686342
28367520
35535000
23201282
35335039
30688763
11168
34873380
25147754
30227925
26530391
6881637
28963931
29077666
23110300
7657773
7242507
34664699
341932
34828719
17567722
1201589
17855438
66803
34208026
29542234
13547220
36194389
13577630
31944679
205057
18343587
23362422
29923707
13516154
34298337
23615955
22821553
36223358
29499458
25816688
13372316
29454499
766020
34226658
17369130
7645685
