6897048
6697292
98250
6589572
18067
710826
784633
439594
1999406
1628198
413361
1330595
929267
601205
5206353
53013
19635
1565250
6526143
6557546
1248692
229896
7102781
157687
3248580
7010624
7091453
2907878
6999171
4859743
911760
7160163
290369
7229765
461754
7259162
7252889
523468
7179154
763215
238367
244364
3459385
7281589
104486
150302
582171
1528935
7551525
7179547
6795701
7434740
4466694
6436602
4005302
278670
38338
7192913
13358
31676
7690103
1268348
7502082
533868
2072496
2017
214261
6420507
279642
7785265
7280472
3855578
60970
472744
1585765
3361500
1839333
7001018
6622173
2990454
379197
823609
679465
2827076
135048
7750301
159062
76546
7837757
41793
7769745
7985834
5423030
7993921
24880
30681
472920
580953
8047342
2989344
