29231852
2067354
298222
18300229
22365822
20015783
6991457
54827
28591318
945831
771526
299477
442958
11431
467316
2194374
2470643
178820
65285
7247842
28948
1025250
54042
425174
148517
159816
183673
59966
12002028
874419
610719
181270
946899
1298218
114549
494785
158247
5366784
1103881
1288360
3979407
149928
11595922
235187
8707334
4570667
438138
6690549
324986
15268257
205262
6973766
279664
847168
29358
15667
1188123
6365427
367687
6435627
7823518
312755
18493701
2586990
8493643
18740605
13326422
18105623
12546674
9557751
2226430
10288614
17384515
15942632
6591451
17261462
20347863
18910611
641549
521123
5366233
2512955
16058650
23157034
286491
19367048
341253
1915341
60934
6448772
22328549
39297
17665976
10193699
9847660
359675
23749451
1086324
462685
17286807
