1465117
13595811
13623948
11515955
6944881
100849
92266
114421
12591698
7619178
1115905
21323
9581107
248876
648165
277630
1300866
1339116
12051881
7967299
1059184
194330
545047
2874429
326023
6933135
15995904
6387925
8083820
13556081
16032311
5975
13486597
866402
15995770
220168
12913027
11737139
12900847
1711487
15817307
11201324
7527073
11788404
508486
12568374
15822791
11983951
15851056
448797
7740142
1538543
226800
348585
7010683
16107480
5562914
1235535
7039742
7204637
20957235
529346
16047677
152407
10518423
15761358
849197
250066
320012
1854090
16090231
5052
16165191
5756191
11093722
7311907
12387529
16282176
16080744
206662
503051
8746609
8499247
14622749
10257498
7182626
126710
826466
8388506
296892
7507920
13550817
13742264
6507754
760984
9271388
551925
13302279
13221027
2031004
