31215933
208631
2530
13602221
7741325
15789823
27619091
18584855
11688630
1902241
13583266
29981
3268926
634583
17387313
23258641
42909
13925
29587324
29501
12959086
49350
458034
16081754
50144
6411016
11827808
17214485
83346
8492856
16619
22646445
77711
4138
295086
9666812
19288239
91477
12299419
9844
44170
11267847
15790842
4893390
11410430
10016013
400354
1279686
15818107
7879278
12820360
67035
2133795
18498558
6122735
161887
55428
7849034
6289920
11529868
237209
4699575
18140047
7815
52309
56616
9712492
10176
3665811
12700353
7171876
7159016
28
13888
2761356
315425
11499
77554
8953
25373
111300
12499290
5295735
6288362
8069828
158770
11206
25230946
32628
93157
112074
8087906
27883214
45220
55399
3374819
4630
54270
48467
92057
