72308
3217221
6643090
815786
17729036
10090
13578175
15811405
39028
20409231
17524166
2485785
22304
196119
8466114
33813
84076
114130
5776788
289695
7194943
8192675
462024
129798
17859911
20640755
674749
23444482
24999714
6325285
10545
27840861
58894
295654
43805
267243
33299
7823592
6449920
2859559
8843789
16045037
21481300
23343397
16079583
34930873
2075382
9601
138134
1128399
3047850
75060
522471
311150
6239873
23218
38876
110535
25743
6390465
9266810
48484
78508
10084
11734251
4255259
15776309
10816908
466405
27391093
36577510
1442263
260025
780878
3276012
24779
3276072
24271
127712
41334
30071
395058
402128
333314
12875436
17981035
18225810
31434883
35440465
2336
184661
3973532
85207
78408
225297
285212
1667423
200883
178796
13480769
