1717889
314362
1971990
7227391
3119662
16349
335397
11766885
4441294
64179
13610518
667104
15839572
1091593
272773
15748293
15995436
1752936
336886
9651960
401060
1148307
2093404
14289725
12745053
294368
815890
3617118
194611
11433851
7171880
232033
15704567
126137
7821831
13531818
8514712
280958
1639512
253916
201817
6993091
6940978
124110
8694522
6791610
97008
4700482
186420
161363
2024223
11080460
15761362
250317
1363590
6617506
315039
329136
1869060
60600
10559187
543203
9692847
393902
2260975
140688
246056
17133266
13421636
44188
2389174
1341846
7969396
3486266
406660
15743742
12176602
1024240
13034086
521942
8828604
15755355
93372
13579908
16045953
652558
6044042
225546
15844617
6561068
862007
8501350
741238
76237
359829
7058362
13706918
7306325
234559
13319632
