84525
23123216
1032098
22028147
448874
23014216
26158233
20632121
21861356
75867
1131921
11985631
27773876
18802396
286963
18588
22877
2920854
10830713
200403
6356356
4565266
13030971
4731479
96337
1337458
4728380
178031
1126663
243854
13501282
10822857
17333265
37169
15534
13254398
12139342
2088519
17977864
2147003
797498
2037584
22925176
2613071
25876358
18188289
25894619
1524
29868604
11350430
35699780
69242
7531367
851098
36013042
1055347
259031
341631
291446
122382
8110348
292374
107930
7685287
8125734
10329531
124694
11115191
12464361
12395883
10202672
11492014
11836711
8508770
10815662
11330278
10991547
7316297
13482510
11899417
10637739
10718705
9266779
8428110
8492813
18882
18881
39685
9046489
6435253
16674653
1173634
356289
1780461
245832
178628
17369283
7811067
10115563
3085749
