11389398
20739284
21899821
23485197
21876976
23324262
1322303
23491798
23491080
20502639
22724133
23473255
476384
8495705
20753858
55324
417656
8176889
20877620
18899386
23506296
371834
1076753
16280607
128073
21946642
21853678
23514945
23466527
11864195
9799498
22433303
1582037
2572996
23571690
23293120
22919146
21882327
18340003
2600408
22381065
22249773
23268862
23569767
6123207
19377346
23569954
7952209
23208745
23208749
80630
23551006
22564139
545421
2618
9942091
23608504
12644778
669541
16089721
19058665
23496239
20723946
12414625
22354029
17253247
13260545
22755464
23589119
23566385
16081884
8978114
23612195
23017700
23400620
23616238
21535019
20798720
16095936
23587648
3894041
23709594
23728241
23553961
18241209
23767964
22662902
23678552
10008
22453386
17972688
262966
20297851
1025223
23667655
17874691
18465591
2959291
51495
9758768
