1045912
313162
5487030
2612801
12142
33888
77538
2123542
17271
254
1405175
129387
944299
415018
510537
15564
159844
4783632
144463
174879
12142089
8091798
3864036
109243
2032327
11706892
12922364
450550
402762
459460
1832858
32850
1966979
12332141
7831146
735695
3169710
6648001
186446
11552726
2072332
16044227
195548
311054
7344
1938245
74298
6969549
7966
6949716
97385
8810661
1501622
1247305
17793860
176827
665988
8665142
1338473
3943
2974804
8045163
7921923
18513754
2881823
18131119
17840545
1115866
12004035
16179867
16005115
10609400
13114564
4728408
20745354
2443890
7628700
18586159
1354164
208829
21524934
13040592
16509
8628362
12833235
13552865
1084408
21853637
9145870
8963238
24127755
2306829
78976
1113462
938791
10443454
1895559
1215053
11557134
23384394
