32831
365990
24431
2754510
1000751
46601
7670
34502
11300302
364826
8722
70561
2855034
7954556
350684
34511
116236
17673620
16429619
22055262
77160
10798416
9634643
11733898
163977
1067
11733930
46202
12875258
10345927
26073150
16343
11861062
259836
62446
6063187
870
42696
31343
226378
608474
34506
294459
421129
22881898
359410
6686101
34507
91981
9570
98573
530848
77430
77366
618177
5310515
1966969
153784
254308
133954
11741
2442
127823
20829994
20388847
28051004
15055
6315602
171020
28634
2199
7331435
125404
37586
1524173
18132276
118389
2159225
68418
21031
114955
15047
1499952
12396528
7743175
7704143
6316171
9897164
7186
18414
11761
8635145
220826
12995284
854757
769483
9915
301736
11570
1519
