713125
2302354
596384
186857
940462
34570
6426
282552
13446343
875583
3159062
3185046
11231128
173165
13558634
2059338
1780560
13411920
11890816
13640800
910120
15524270
359696
15729965
607901
9681519
383666
5867814
4704388
754174
121655
147079
466371
1592350
10271521
5410916
15723892
12408471
13426024
9763010
6596697
336889
3689391
257582
17185584
13580295
147074
906318
13423353
3798897
8814727
7049216
511635
9897737
8444997
6561480
4228360
8591792
16179775
1667836
10384734
3181267
18117935
436077
663836
13354283
12107925
1225239
97898
2184267
15789164
55037
17075214
625556
11494597
464916
4800764
439416
13451890
3246724
18043841
392431
34352
442615
6111016
12476341
370899
6158099
782614
18291434
543071
10917118
13058785
15781230
17602
1629544
38155
20758706
7992647
6681627
