5552
77103
12126366
5312123
9918083
2548866
13658
13107655
24601
202146
2168850
6282753
3419808
2195464
39664
20706317
432417
191373
264069
7832325
6319131
11882171
68400
5027092
10059498
15982975
129327
15852
380994
11432
2479730
13147230
423156
17559041
230514
2501458
67700
822147
17383918
31693
243272
37643470
97820
101094
95105
138684
45245
2358870
9720766
8380409
12971664
13583118
16037338
16240761
16120434
13069935
1330324
23493509
44559
17347634
34002132
24263233
18825
278210
3097601
2153427
11187936
10138607
207569
12024430
21899546
9647295
830616
30688435
127020
9302
771
41810
6286604
456028
10031259
7818683
16152079
11324290
7507825
22049639
18406862
96278
23251003
20603758
28686840
35717446
3852939
1881621
7817785
38529
361459
2580514
645149
16159276
