15957375
8030208
2144610
15744840
1019924
2801165
23160855
10321650
7919591
17085869
202404
21948649
1535459
7092399
17802747
13633609
25449609
25005778
467185
25361297
23714532
71704
653559
57498
10762251
18189796
1509780
17899351
7540255
15818041
14759453
18270646
2460832
25610759
500463
8406899
20444853
12860573
23269505
25199597
12889416
23315493
25352069
7101259
22458192
17909010
518777
257213
2395555
520499
6254669
110018
16147439
26097430
26947746
13052893
17980939
6271225
8514027
18465550
13506764
18106691
6104526
11197135
40491
18740831
23721
314972
6573892
15815600
33835
22597057
22912919
12802858
17978165
19246309
6171784
24660943
24998478
12703883
114127
20635510
759826
21793754
1117363
17087251
13100548
257333
3268024
737630
12712682
26524368
23929251
11969521
710830
28534579
771941
25154168
331070
1528480
