25176151
25500800
23222908
24270387
23158936
426840
18590519
25395596
2112671
26013033
20980976
331196
1483359
19756345
26200598
15928972
5962031
129877
13260536
25904361
19544817
25829774
111516
13058901
16134621
17928198
26257634
252786
18273131
243953
379160
24457496
17838913
20611949
3320330
404403
17951450
20468589
16153477
24164659
25606670
22853617
23663829
162929
1256318
6571027
1001226
491888
19140641
47853
25061922
57882
24173870
24888554
18877915
19062
21943913
6536261
15802693
20786661
10832473
23214652
3493565
15792870
2078505
24988236
22402229
18467815
20873154
23602722
23270403
20910533
114160
27428153
7336810
12199810
7306380
158969
26618003
23395677
18394
14432989
22472103
1032784
118007
356531
6512869
15841863
24396871
13006140
28001704
25191992
24396269
3268867
22859802
2389632
11490714
256234
417466
15808242
