13641721
5309
5053
13482750
24915
17285983
10662095
145565
1251032
703353
8527908
19334366
18607725
196743
17980013
16054808
22571272
897461
20829029
2896
25489134
17660
26480
6688121
34993
28212
63213
4948826
6076413
8373527
7091370
153492
7066544
416318
289114
63040
2579284
16069470
15755709
10098912
16326
11568316
17251444
7685306
15723916
20613491
24889889
23389993
177928
14014
51740
47970
70487
153792
286276
1218465
561402
88495
22867
7199
14572
277412
436562
4418237
32276
8051458
21124
6917863
7766064
133974
5338
15734769
5533041
35870
2757012
651934
71840
21780302
20975446
23598145
20814989
24893241
30153500
10522
6571199
129647
856937
5159
3447
49491
1663664
7184
47076
230852
613268
215539
716532
448836
6136509
5312125
