12961964
823596
19081600
25629395
15945614
2390
28690804
25852784
905758
31700489
13382062
29762865
18915234
18161975
1032
6634624
18103276
25076674
881512
93276
24956528
170626
1223460
32062218
33876808
34209372
109715
33807363
23129715
29123006
29877833
30171937
15796908
25089208
34218531
905559
22447268
18270199
32883081
11818316
1039321
33547941
28080507
10777002
31578642
31438905
24611735
34434639
30246652
4779934
31181017
9976857
7963255
22549636
26837303
30340757
278430
21523103
7093837
22725056
34108887
24561295
31129279
32485744
10313931
13598479
8564041
31226653
6084758
33369634
2049640
46749
11979900
29423731
6890542
18396396
6260878
28965131
24819482
12534542
25792596
805843
34686296
34396263
32862495
7713249
34695187
1374989
34814551
34630777
34627396
45536
415342
33519394
48044
22037483
421044
268454
29363222
18725742
