21411877
268402
10048876
18457330
22475984
12625769
490196
18858489
17930732
32561
424604
23507971
23636457
2296628
18007670
13578866
22360832
16074843
17080051
16047633
22056297
25393801
13037601
22559347
19405479
7629854
1523931
21418013
11214970
6447729
191411
18715527
2597783
26044593
22028638
11913749
1644076
17290244
5904562
583569
18514068
3183888
9751511
15984412
12413949
25456975
8139845
142094
25632020
6593318
6482182
24469230
13607457
16388
13107443
52374
26195721
24894451
24551791
17571567
14699938
25613183
13110695
16101072
6935672
26330759
8439862
18749571
20434940
12106746
23644595
2152080
25470835
25994771
25519195
23182554
18770007
10149142
19065
7840156
18601430
8200523
17304053
19195803
810294
18054175
9263730
12004809
400390
25806221
22585896
6514476
17934074
1518712
17617617
13417272
1073109
1350303
530787
25573718
