6647780
7987239
1694501
204297
817379
1688292
6398011
278656
270100
9263
14248
278854
6648595
188242
2939264
7530820
218571
119035
242669
3351607
809372
92581
481335
3762
182474
5953211
136456
28922
71241
2288200
36158
841868
256390
1439798
571555
418567
1448236
6033289
677378
220682
6614154
350358
1704719
3851330
8658794
352679
7870553
2963410
93280
6090444
7506252
424340
329326
122943
562757
7149234
9570101
9698340
2375782
7798362
982960
6893353
3609338
7665108
3726791
615359
344193
147312
1055911
183623
24867
3195668
4476999
7152691
44755
8470103
9719145
8026111
8363907
106197
7492383
114316
10042006
6359649
7572382
500657
374371
1200231
10166594
7860099
9459078
1407232
7861169
10157304
963537
6757337
422732
888947
117997
158857
