23015088
10717333
20897517
18048888
26597296
25681055
43932
25865509
138042
12989398
15766187
44096
13112684
8497246
18874309
21043857
738208
68986
1954246
19059887
13818050
2227087
17726432
13411338
12539297
10129901
29332967
7540934
17374485
23175900
1875585
2649623
33299957
24581573
6594732
19391520
11093191
27417551
32333183
28250556
1844205
574027
16097971
665852
25841285
28530481
77678
12516252
8243002
16036277
13558344
26846433
22926485
26135139
13480714
8717323
25124553
11796349
21627915
141757
1067395
17836088
30730444
25898106
2729825
17616535
34318279
21996359
1012317
5557086
546807
24874326
36160193
30823050
11752318
12237673
7101320
36528522
33620321
7128921
7504942
1072949
20298092
7114761
30653720
35613533
29848940
18655768
33840924
25270785
26233572
499415
7671553
30114538
16122245
25760448
12697427
33857632
8722180
23306548
