18086498
636223
18813386
12914448
18593863
18602977
13088309
17586834
18042290
18815695
15739817
17695266
21936661
21878763
21457083
22312293
1414
22616552
22008448
13549445
23277468
22918893
22456474
27816584
15771745
741481
23516574
19048521
22436841
23681340
20335752
24545715
25022297
25012645
17701852
25319777
889878
25621823
25697968
25855637
25557058
26866624
25339089
3986964
27268403
28175937
25131230
28430735
232467
7042434
25681160
643750
18468256
29388297
29897456
13101468
22546584
29480865
50420
30373132
32594382
32171420
34473517
34866611
35218197
35514861
9698540
34912895
22041082
39285106
44516
3359011
331260
6192376
3726872
6420578
2432061
284338
6771774
6771730
620790
108314
7052308
7532858
765983
89838
779511
634117
2330877
807002
6235136
4052117
10128608
400869
690329
11203057
77844
936610
199531
21485
