6467235
177869
13722786
13521382
5188591
17823780
2186548
1521944
20448330
24866809
2903049
18033647
705790
10444674
25387393
13239504
1578130
300782
23665362
15854740
3371127
23153351
1452722
30762640
5992529
2141384
55096
6905134
122331
23507509
26400307
1293856
208730
1542713
17984552
960514
25059564
6294450
27209375
139724
27420709
27874214
357545
27274328
17675467
1031803
1293583
25007994
1393280
559299
29869604
13600505
18160126
77523
17343329
29544464
28941426
265130
31128868
7178
10809340
1301626
7153518
89915
26114291
31696574
17679368
25324129
853825
305858
24019187
22455215
4951746
168661
26109394
89186
28116858
21938952
27888978
27969212
23173517
8593100
80207
28595084
15846037
9990585
22820703
2273
26838113
26310158
22449535
29467564
23164911
6485609
370152
6492539
28587986
341288
7592
26360935
