7015533
2026392
3457266
31327709
9997241
18517644
17657649
2166291
390301
646199
2525348
5205
501124
1618164
6549
166795
1866046
393640
270897
8885268
1109741
1965727
1254684
294284
490291
238139
10508526
10266875
7131445
13050840
31421
891608
3866418
184931
543494
14523711
7313304
1547375
11797478
9753303
7801690
281577
53343
6383422
18210090
21472484
496875
16124159
1243532
666640
11425916
8267386
7486085
1554307
16720104
513617
843565
19236503
261923
5414394
22097156
7972098
17232969
468137
10485751
74455
25833901
25695527
10357603
7894437
11252201
13515533
30120037
16468
90585
28260564
13573634
20759554
24089731
22671181
28697759
545085
17311254
24902473
36172487
40665
1442968
112066
390304
50786
306944
43927
6547
664239
822935
548772
11501
213052
1442653
1016867
