32473819
37510880
59232
24377513
178993
32877734
5213965
24378778
25772375
22855252
25870373
13580268
150251
20589263
9565639
1240723
15998292
29486766
28933383
37935387
1989333
255374
34186238
36492422
33905162
33574161
70690
4594489
25587975
30312855
192975
34832903
13033042
6217158
336734
12082644
518439
18142045
3564349
25956627
10602457
5983145
36682968
19009990
26816107
30638991
29429893
34850243
63114
30969741
29776988
610366
28217808
2714960
332751
10040
44871
1201724
2171936
248622
146776
923935
102534
2243130
806122
5623268
55354
146738
403129
1522679
208124
18495
87664
121490
35899
1033541
710759
1122786
86451
137277
50831
878348
3116037
214340
78426
147924
9569
203979
85744
136542
64773
549454
31324
327281
1354214
291252
47582
19154
3733663
4986712
