17063691
2028449
1008381
6401865
1122428
17304237
12238011
3381581
7932486
6056520
1840511
3316337
89395
22008194
23760879
24958079
24958123
126507
357399
18169414
3741342
13038833
3301759
13574861
61130
30197201
169878
28003
19398
1420762
289643
16856
40189
2202230
613991
4554304
641760
2319981
29947
32703
735250
8764393
333939
1854091
14305
584330
4961048
558059
593038
5895933
58534
113250
7103829
149612
177076
13167796
129650
613866
4289768
13334934
152182
192043
17672538
10194224
15781726
335140
17884886
15730340
136760
15790886
14740456
328863
18313102
13182968
20309175
25587
12091888
23381005
828140
97920
13023615
13516321
23492477
21415815
24903031
22584974
228992
13477819
22465597
224754
50166
94498
27797842
32982636
32822135
4599610
349929
34451
21027
21030
