311308
410632
16356
82553
5587960
6419887
26936
16142053
13425352
11333934
18280703
922119
20427449
22852698
29496076
457762
618924
13151
313605
402
15781
104216
244475
7893
878307
12447
85993
226425
19528
3942622
100344
129909
47241
339026
11273356
12394246
2206960
112075
50725
464260
6503152
294285
92578
39026
70490
92855
355916
1933181
13806
12700306
17558817
13570639
6420
16707
28495
177945
18194
6572
6519314
277897
7958
93794
15561
334012
545875
70539
11750412
102661
11237412
1438096
177523
13605496
25892878
696703
79090
153193
826583
3329289
5041279
266599
10329483
415459
149621
9461562
1289436
2917367
16102879
15710495
137972
18464441
18454137
15814479
836610
3247019
1783281
5137
901111
45169
143691
597040
