6379485
129215
644154
6085158
135573
7804200
3253215
6957498
13538641
490966
15990986
11758226
1544749
1294874
13125879
4507
6559902
16122322
13438677
9728843
13411677
93370
13579914
12590
16165295
17230551
884430
5264136
11062291
16093390
15760523
77721
11099156
359788
1689292
8339150
11497989
9335839
242795
1678745
80634
572633
17285643
16078602
7268250
186443
92653
142309
16100308
13483989
878460
604231
75856
8441713
13506543
10841115
371022
568592
17562618
11363759
10866880
16115625
6566558
2311975
1040474
1998200
7516243
1550091
7179038
335459
792429
17238573
7235208
12630771
13595311
6287290
6484927
10338405
13048106
8352302
17348729
7117578
11029842
13650334
31799
17341747
10927555
115037
264446
11603886
10844109
10790376
6261394
12359912
207631
8983685
3522419
16006883
1994709
17733636
