722999
10428981
377254
547944
13167087
12226562
9411628
1277464
646951
936570
17925916
6234395
511258
20414011
9939601
20976765
773606
525426
11763475
870485
2843955
7043779
159418
11474505
20543546
19419602
1256210
13505130
776283
18180821
29747
1629941
571211
227981
12154335
4341645
414091
20359216
17906108
15731383
1746233
9750937
694942
303502
11081992
6523904
55302
13417731
820786
4497759
1808411
9374873
926225
1782543
10562163
16033989
23398961
3238627
18337428
11717915
19827903
18711644
17417120
27067323
1721208
15786720
468116
12093917
25520798
60737
32732543
6376283
877707
1226459
28083311
776763
64633
34838542
1931595
31491130
11213662
17195164
15845434
16719643
26237208
249205
18904556
35560636
11534157
20958168
22030823
38350519
424818
186677
221688
1263041
5644886
458314
227499
6341600
