33628600
392873
1070245
11398179
15801337
13071067
845099
22556291
30763273
13449825
15753732
12965118
30002998
21529786
12389865
18052957
112538
741480
10912
858726
33814737
275237
6332
1040894
30278752
408478
42883
159322
19162293
166683
20613624
1503845
16566
22749522
13539914
23110418
21893847
24988967
24524971
22488987
60051
5887399
17333174
432879
1198831
11998032
1434318
16175248
7070513
8316484
9516694
22551809
24993743
24997844
17906709
26196299
1706523
247
32740994
2689809
19415228
153865
12512617
9829306
23288266
9966705
32933947
836230
25615377
29736936
9533361
23456314
26211815
80110
25490592
28501492
17340740
8891927
165070
32940857
15815350
22457142
29739361
35642504
1257262
8596988
8873084
18375241
3445777
11890974
28108998
16127265
33123322
34023590
1056157
19491823
25901660
9440324
29618105
34234687
