32762917
2807835
29405093
34731534
25816163
451180
25908870
449164
30051627
5210
26008775
16240720
16059149
32514837
18395043
7737810
119264
10060016
14059464
11266086
9218086
22668848
1272338
29345814
29492090
467994
25507389
25663637
18229437
26856331
30780073
52408
44119
35645311
1981412
28194816
6145869
4357092
12840933
135060
16065965
195788
1392593
32620337
16162477
103582
394632
17281542
95833
1207234
33236889
28446637
21681
8864550
6699689
3572958
22703049
15809993
7893725
4143812
23301805
35411583
51881
33387751
33393726
8044584
18068486
28927917
36067816
29772863
15798638
787903
17851972
9327
28220985
2590404
373969
23164927
4071158
29915957
7283983
23848242
17061189
20617544
16032012
17229125
23507628
35523247
34511672
22047889
17383565
1942288
29233804
6592216
1073100
16125940
19390931
5152583
36505597
6561620
