17852667
12376304
884288
13056868
15768119
15805442
6440051
13151129
5982447
6047138
143250
4369837
6909334
13448885
9636
18350798
10535458
22692740
21947191
10765906
11699349
23202
770265
10837174
10803710
22060845
20935363
13539941
3322866
18077903
247982
17678661
175328
15790912
15734163
16376
56627
20697435
21973270
14592695
65659
25467698
295169
2696181
30156088
30625170
10866286
6413812
16155372
22736613
13580479
28512486
25944381
30254923
52373
284071
54218
109713
12381
21062
535785
169413
716872
3874811
534733
352
219417
100100
4894646
969566
991565
196141
15433
91076
35350
6609490
181440
1030384
1829655
209693
545981
6422238
891812
18789
136081
73574
2065091
1087403
6589111
12111823
7874158
50451
5168689
11978250
5553
299758
478628
5063647
8838886
282356
