15723445
11428799
7968653
9656636
3367558
859806
13504368
902743
16051778
2373909
6916518
194742
11394508
6215421
646175
695219
10673164
7029690
511854
3992758
320407
13015054
6118160
66080
133411
3971916
4709866
2146370
361015
217248
13562746
13088316
1824195
61963
6523157
12387493
930750
13124125
1809275
138555
8445408
13418456
843099
6931693
2250
355371
9780663
11958033
892295
2139008
14744085
1846820
13502274
6562804
2834778
1087203
6441638
17697775
12021796
16002011
28883
392274
15982246
216019
15778506
716097
64701
12885820
17899424
7097183
2143461
17262735
17823022
17268689
85907
8884616
17794709
11803203
2187466
12426354
7619076
644478
15720662
10132245
18069284
1462251
10065610
17861
466537
15744064
129787
84725
3392412
17673002
15820492
12558094
9210534
529241
71904
367367
