4361539
18932223
18000991
93796
32715344
3302841
23792261
17395052
8130369
26846443
64638
376609
24814763
27262915
6779802
22458923
79052
2014891
2432999
28411358
3271401
2964197
6330332
12359121
255160
1534750
33883
215605
609731
289658
88667
77281
2141233
194738
15580
6606456
8668197
216254
8068431
6372499
7947591
8696128
12830940
158458
4849253
2224073
7903851
7649340
1832010
114380
6605705
12817
7824848
897750
6542645
625993
7915094
367332
51286
75503
22224
7179686
3108764
30626
8009125
16168157
444560
13453574
3532264
289727
721023
9531613
12220708
2195434
13998
99483
6135633
1590423
1103965
11882662
156441
18493694
13514070
80670
34515
644731
18189774
17227853
93489
67270
9652412
20619936
195680
6977431
18948771
17408077
3167798
18318649
9714741
1837652
