1041104
1212800
229129
436108
1784490
9972053
4460808
87284
1466832
246245
22392
4744368
6706843
513252
593039
41315
13072125
1497104
7722277
399898
2124649
1713732
1006055
297480
12822765
13177880
279119
574901
929964
39099
1034888
13490084
13057797
778612
11093223
10331318
8105542
10075354
11238
12930410
625156
9369717
608787
2300985
3695377
107769
1490008
2574912
1543786
299777
11653081
259587
1705415
6653961
92084
775597
430788
51726
17603
990145
43547
8465337
8601702
15783130
10280643
10022675
6359415
13586765
551866
142465
689328
6777894
7624095
3204104
350404
410769
1839245
16176476
16167446
10184091
7355526
152642
11878691
873414
12374500
6918013
462924
3526474
1002228
16120597
110759
624352
12757485
12145659
4399967
2946450
39963
17841451
18196222
20733637
