119826
13422435
28220892
13708820
17270349
20898478
18871992
7553076
22038488
9669011
124094
13269475
50502
3741125
138068
194941
2064279
6240
20579068
21797759
10922521
341250
21490143
5787812
4632159
24130855
17660471
78975
150555
10680729
672493
32419
232285
11714579
4122272
24864247
12326644
21126980
219563
7662439
13051184
24403679
26097
3195836
22709310
60198
15853334
93798
9797582
26829496
20706852
12783680
7041510
64632
34896
25384128
9265891
20485959
804579
1943814
36299975
25353136
32323732
32310194
12742708
34847105
2272515
10808486
1179967
1063298
33886
17914
99713
239745
398135
647700
1749162
483369
1206077
944294
763471
529016
7290754
6202861
2153793
1230077
8543
4783621
2637138
17305
5173602
8689927
1052644
10429033
7155145
9450406
562989
833970
1777244
7943799
