5488
218659
410615
9166877
3973
6219656
220968
158446
536982
58087
89375
197459
111306
47304
8803932
8579016
139418
650775
17345616
9688286
86238
9442157
5585788
153542
673657
51106
568099
6668868
251979
19747756
17402117
785454
13617
98048
6344423
38564
21060
76683
2183
25689074
6264710
59149
25489625
172764
8456124
8411749
13337716
1398066
174442
29236299
1217881
6420846
587582
16079228
17983690
11690
21841659
8963
98413
382450
286957
17286162
5153799
311182
139087
7933615
13565676
10628
33458
7507908
392297
4591
65948
199781
6571723
56465
62571
15581
31326
7307503
9583508
28691
132749
104379
17313873
231562
171970
6707693
17849112
28246
11831
214856
9943270
7095831
265102
9301
6624871
11665750
7981
337058
