22814157
14498145
8732153
25859656
20727654
17876863
47633
214434
6943146
11799340
22699416
108359
25835662
13425442
7885894
17369219
15829600
26010780
365331
10697575
25237182
646170
22886708
19084385
1117620
6765061
8174285
25370574
25698394
9751518
26188373
8891439
23847950
465003
22472730
15803037
23237685
13581132
28550
28770
22046823
26026345
25208536
605571
22595737
6632647
21363330
19066
2455753
17465485
23492669
1103211
842292
25121911
18081112
1320279
5599436
4534451
9553274
12890787
13540917
18405704
24250718
10900231
2490849
7408117
174622
23161212
25378986
16158525
41055
18404310
433027
24431618
23161556
17185936
385185
27472462
18957343
1873794
28470369
24059
15769772
22758459
13548456
17455042
10215337
23211458
324296
22024901
23621715
7113902
7340350
12113
67938
17331269
298160
22859977
13499078
13451598
