20757675
8242755
17829939
13166638
18898739
13131625
18105943
206893
20734410
17039870
11891486
372091
13495346
10453436
19450550
6280283
13148060
8466327
9740107
77738
13144806
20626416
1399057
10537195
18190098
15864513
7038489
2084781
20573773
4526691
10285307
17856081
503488
19265116
12905583
13563669
21803389
3221533
359994
166814
6049224
1197752
18104734
5071325
12191758
28748
21325281
9468234
1246570
91174
18362184
10881616
80697
1321937
1689153
18519955
17286683
1215263
18926659
3764
8673931
16045641
9532429
16103347
20409394
825750
2417267
191212
10373917
777459
10452269
7187391
961537
17317896
1025845
297514
15824027
2893595
224257
6810289
18910
136640
22333815
7493659
13036575
13577865
12988092
21722
17912521
11599
20805606
16289369
2230284
21276354
5111318
6081032
126784
7739858
17317648
19067282
