6908345
18917022
18588484
23273450
13540881
266204
204
22895723
276384
10281556
1557017
22760746
6122521
18332388
21532236
12438337
324655
1340482
19099917
18215750
18007571
21415082
7764176
22455541
11834349
12858678
91480
7234768
17903381
20603820
20706167
12418272
12351871
2729814
18738863
17471981
262392
22614273
21326504
272869
23524782
17231104
25865189
728849
9580336
24678701
13610584
10087900
15811560
11823941
24565152
25709854
25746613
18301221
6106959
17694728
161229
225092
11062688
1271159
25568903
15835831
326672
12593
3381690
21944884
21063639
2277185
12199233
24306637
27776
781819
639648
17336621
24952350
1458993
7847708
332333
25067510
25931151
1692524
1050435
6528333
8135831
22014031
419289
10598584
14760012
20642585
13412110
22839584
15014475
13053297
23511693
13063098
11066857
23497890
372883
15793632
574028
