7576115
14273
35488
5453
27000
7117109
8214792
13638968
781046
15992396
14655460
17567854
17825487
17871711
20569957
18343754
23494381
25779243
27273806
2493973
8949
28247
5168517
73070
22885929
26177993
30288377
42155
3692091
451565
18397370
17455815
315340
20517266
36518151
59810
788331
10286585
9368401
645023
627206
15768536
106096
52318
25200
142050
495395
7165405
8253
428042
13495579
66857
15059301
24784
37426
18617712
103983
147844
14929224
15993374
13526165
38262
30594
24769
1990
106134
30975899
13521
281433
352383
11071466
416775
99110
2342943
8837
16162553
230543
75519
16008403
3049
17833728
51070
26074181
7683299
118944
45546
723456
386234
15654
264778
24782
4415692
9680114
19468216
18214458
22702552
527823
343718
25378
6373717
