22388165
439981
23612396
177333
18760891
12000129
18071980
13615755
17737981
133017
8754650
16182348
22212838
1075635
20618110
12754069
1547361
12989100
13733
19071270
7147517
3596725
17739489
19260056
269795
21442771
4428699
16060716
18691014
20760400
10383217
4901378
20976417
85317
1944019
17570274
17798649
2628667
824765
11278959
17949010
500719
13511085
9959448
20702729
120566
420735
9470106
398145
23256978
3277674
17662089
12456972
13491829
22175890
22007695
12986169
6280641
18221995
12593546
10996959
21399241
6295876
109901
21489467
178100
25246975
2535
13496437
12034735
17227745
25081922
22886104
15743305
2447010
255685
18105262
1068423
21922393
1198981
25320990
22521951
775983
22390073
10868182
1312352
18693621
21840310
13505200
25000053
1490767
16386612
19308365
21588076
25669499
24635837
575135
365257
23472563
16286376
