33426
9653814
22756190
7113292
18050143
22449572
12654904
81196
18131799
25026169
25121092
25537669
17829375
23208406
25330489
172366
18343413
23492288
25322449
22449299
15714133
1240131
29431081
1424766
1688598
68021
11433
191940
584637
1743821
112646
477990
766805
305854
16810
71784
71783
18212
2475768
6303855
8487352
8488492
8597275
79202
8737174
1523598
6640070
3430166
6540352
11201519
1020102
229145
328813
32446
49838
778255
10329434
12872080
12245809
369042
34282
8527904
13570791
1853629
708694
1033957
13024589
389827
216213
822115
1239698
13582068
10658664
12819342
11362198
14015
10314229
18046658
3421
17331289
13557662
13505629
656836
14978
16114862
15833525
12924312
425891
9741685
15749143
168214
18218630
137235
23598469
18874773
24218164
20883847
16045140
14744489
909257
