3371304
9329761
11143388
116254
12741047
6570016
8255649
1520896
1616126
785972
684506
9024268
551367
7453869
13491220
11470995
2812025
1509544
11824848
9761341
12113809
934633
6588092
14759955
896629
8253016
43576
12505316
6125135
13624014
173590
1647284
3222591
926161
2116927
13445216
223797
1095697
6507864
116295
1408821
1126033
16148776
561444
1374553
12641768
11685242
17015
995155
10772820
259920
142462
16130371
233692
527077
6376445
25492
13088560
27533
1084444
2426557
6398385
11011623
97381
2737089
12553276
1516447
2601674
878079
50466
439939
211099
267219
9748208
10381803
169849
6277838
9483735
2650238
1927226
17343191
6288716
22613
116326
1557353
840043
54525
6115911
12312770
18002175
17774609
5809988
662277
6633789
17372897
6512115
3154574
198323
18040841
16138221
