2767052
2
2657
1885
41865
19063
11127
7613
18405
30
11870085
11
370493
6185
968
930
24213
24280
5297
13335037
18135
10210
7624
865
7144
375802
256683
22628
4667024
18619684
24178
4671
8127
890
17245
5129
320
21787
157993
2998
128029
18131
5107
2956
4381
12232938
13496
19543
28187
23772
4214
1953
43641
231804
1381
7604
3
4981
168668
18490
234225
5043
77203
149267
3636
76620
3590
38447
10917
332613
6514
10964
15823480
17899948
2429135
14891
11486
39988
1934
252577
34
6288
227463
4934
18660669
7244
52036
662
3836
17470674
119322
15931
2165
136251
2619
4473
23919
153747
99107
43763
