34618190
30253864
33514425
1482022
59503
202206
71316
844935
17726
3636515
349681
175319
30333
219418
98427
10801
1421115
154423
169334
294817
41502
1268541
7029933
63742
568093
163330
95242
8529230
6788533
5982569
301820
846613
1542405
1542403
7134201
8752457
6041471
227113
5075964
53927
353342
3244612
7544649
6503154
82780
942327
11283775
281572
10669
4465766
7353219
159604
288962
9757229
1797166
949709
6708511
13338730
8608453
12081764
10048874
3157876
11010251
87632
10778
13634880
258569
1512007
29923
339387
78275
97412
13533758
47572
4857779
18044418
12830117
13540215
6097536
6465456
6177452
18080500
815173
6450060
2182780
12982393
159767
18111173
1105956
18171248
12924379
577184
17285883
7238737
16405
22097790
17902141
11389875
87263
13367541
