426952
2264992
5132915
650883
441644
1290068
718804
7134467
2873264
1139459
3611095
5843145
84847
3305510
11753475
2607710
64028
209666
508274
249052
1394909
9813993
6261477
10917458
807742
181256
383951
6340346
1283070
13635636
8616554
937890
8698485
12777554
12022733
7118052
9645351
13319362
248764
38815
93840
1687880
95610
810838
13581999
394024
38378
3507618
359825
10262881
15801642
2909599
11737271
13281226
9196672
3414307
3553991
12360702
15720278
5408930
16409
18111728
646301
8773178
32807
5868006
7780955
510583
1103976
127432
14289720
6294709
9441766
8712290
13310549
20758874
13551907
2414716
18513841
17558829
1112665
20735328
599963
19012082
17302292
18333966
18364031
2483907
10051438
12833894
39304
18651854
22921561
15810848
13412752
2169898
20601983
1747741
13552219
1243571
