497250
25661187
24978973
18582309
171327
20433785
17447932
30971808
25147910
24926862
25582867
29492139
26048242
2222642
15748535
21072309
12994082
25551798
10867192
7467055
17619550
28502369
290733
2294245
22824383
13648256
30984992
23276483
1411195
10397757
26877039
15829980
2371124
23462662
18782855
18334881
9155291
23611992
26228483
478145
20657024
3508683
35701183
13340856
17839047
16065953
28696452
1430336
868698
370243
28948581
22701879
2801592
13456294
34516072
2599651
762598
26795352
13420986
2651100
31216203
27801521
17167084
33290550
7731241
29856520
573008
33306347
27800153
15734760
3399909
1900702
10167941
19256975
45762
35582012
21116887
12550589
6727322
16071745
36059185
35554054
121823
29826391
18883603
28084431
30178659
18170695
422278
11214214
3940213
33954256
34879754
29482250
28409
29086765
23395648
16165367
1278131
12737871
