486749
474740
6161568
419285
427805
393466
1133118
3024863
9994850
13227852
2409804
15827731
125973
442668
58107
359805
13639182
30357
7828781
2613301
759776
431071
7479
623811
15793282
17565517
1734663
279667
512644
10120780
9560915
3201113
17268107
1640421
293672
79352
17472970
7747184
8658247
102215
20758787
16300729
1508900
18715726
1201028
6905941
15773203
2890346
552285
12963369
9529502
7111961
185493
4525593
16139694
16125444
2171342
18050560
868210
15715324
39306
20821288
13334434
19484529
16133302
96120
18807831
295787
106582
1120811
16089117
1175147
16174878
824435
337521
20905438
6681612
223129
21093828
7818243
22892100
7854325
1298130
1970023
7664275
9532302
1705871
7455263
22320449
10292397
900068
15707927
6383294
22908641
13639952
17286729
697789
6356460
1992360
7247965
