22053410
63380
817924
655515
2166091
74700
51848
93743
4984
325416
1020302
786416
113128
9006
272337
123190
1426764
671719
141627
114523
303837
458479
5171894
13132
133476
395850
1019541
333670
444415
613992
4734404
4934587
92845
660961
463421
411830
165208
264339
102266
225669
472543
4716621
7056106
3294483
57092
65471
2324902
9202336
8400754
6984980
10592058
56140
6294553
893731
850389
59659
65280
775976
149319
6469814
7337
6636138
99219
229127
54529
10946420
9538660
10835992
22351
362814
9266496
389706
11297434
763589
110382
12513648
6634911
7841512
919661
1332455
667618
13059556
7802813
10800904
1964409
6936391
268985
163816
5981415
163815
12976819
5792404
40320
7828882
12064517
2067
289092
586513
3363143
759450
