352724
18628505
24970995
1649088
28393357
13503352
31394295
140093
25852626
287498
527738
10153731
1091961
17038015
1503130
29506843
4219
34752946
14623619
427640
6534132
13496930
6441002
793266
3463818
164952
7767448
31367
236830
360461
8510990
425173
634446
61449
716329
5663327
581163
7211127
556560
6098570
1210874
12309315
9762449
7857727
1670481
1261813
51245
567687
9856722
666481
102463
1763612
388018
9858488
3832
320326
15726371
127392
1755776
3314675
15808770
930701
6372454
12833828
13031238
946448
1716134
2176660
101269
10389791
15815364
97126
107430
18266061
16173349
346796
88504
14291950
493712
932374
13459132
13009523
15984379
8699839
18301840
7012307
1024687
13629
18335162
1382625
19189005
792159
16094450
18077900
905474
22543639
17375
5607622
24129643
23926
