8293822
23149124
16106805
21532209
23466526
20632430
10800683
22555545
23571662
23342284
127016
1076385
18458190
22749567
23400798
9105432
9592682
196643
16158498
23558009
17984139
16067008
7788648
6471100
21479493
9256545
3190729
13807518
23361195
18387799
22570529
13330761
22694942
6095455
23600175
13631536
22070851
16082686
19070784
17846011
23573487
397046
17619885
23444128
12355553
4121672
23944776
24055
12079
1703626
21897163
18682187
17183128
5990667
20503902
18695189
10029663
17445144
6405044
206309
19318978
12987831
7993007
23437606
1712096
23172131
23155890
32555
289029
16195402
3284028
11974615
19214578
18219567
23705558
462550
24453532
3765911
16144323
23277447
23312692
2971
23620427
4789658
6234518
6046158
248881
16038470
24490383
8433500
13637199
17608298
15858254
3749840
6975213
22129048
1920125
1654709
24646473
104696
