6484568
16030647
23240336
25350981
13041100
6957846
25072821
23847973
256976
9386880
387627
273331
25311963
21526240
22553196
10207851
23830659
1945842
7829373
9795894
6288206
13531063
13432683
8373331
13418790
11204517
7171620
16152258
18134905
17699906
6269012
16161852
12087888
26134245
11322991
23497722
23927250
17193828
23703190
13241511
15924002
2334339
18042061
26636254
18523189
22609257
25033533
968330
6862
22877206
1654076
17863
16141559
11438693
20490970
25530340
3143473
20737479
13643709
17838388
669269
15727199
6970004
9553272
24838293
424020
874864
18693771
21528696
608987
321441
114134
28247930
12400658
10284013
17455335
23245731
6124293
21059333
12649
17260957
18160436
8341706
20599898
27826177
23291
6484809
18296529
22390262
26186298
10422717
2294069
96739
864088
24357777
2295713
17340753
26150825
21350894
24966094
