15704281
18853467
20550167
170599
104979
216849
15840340
20580333
19250100
17875988
1090876
17570843
20317264
47301
11138172
1053783
9097523
16156292
19454729
17671956
10307460
17455811
18223667
6017893
17162080
10184855
10187224
13555269
10752995
6353230
99714
17834399
17969102
13363742
15801668
710095
13531021
21749388
21461080
18051419
5460223
1914593
16193495
110985
1027539
264894
16077791
18223036
18780453
6183552
293602
9408479
20808947
1270698
3243378
570911
1530099
15793052
12842996
17931653
21451485
7040680
18214491
22038362
1967070
18692432
17834866
17375011
15783386
9996645
21421460
17664863
1123469
17667354
1642216
22570515
21464239
8050771
7990228
13049688
351021
19398743
207199
18337069
17973716
21454223
11385079
21904213
175545
18215033
13450407
13178456
138074
55002
22030479
13414964
22595235
22667306
18194121
17297135
