17612520
24105713
601239
627738
139880
110519
83491
254395
19674
6549230
9303006
22121
6946225
6723799
1227407
870910
32516
162950
32129
13563391
5974575
1138328
559042
18713219
867378
22249789
21500
15496
1415161
17929642
25063232
119980
896458
17615896
6340209
1001976
780672
718473
12998057
2321054
469778
20721959
433435
1220467
22725532
21416527
11865856
9817161
31981477
311129
18666080
323535
538926
1187597
863250
80966
151926
2915
8246873
212023
2877861
3048010
816735
2435639
333813
32510
6419114
16593375
99952
47948
16287020
15702859
15468
869045
615972
25063242
18822198
18490532
1315418
16309965
18350989
296524
31554
145249
18212963
1038823
12895116
890935
722134
12897626
6950451
52042
16075260
739973
6405143
209936
30820
1429768
10295809
8308598
