7146180
5116791
2349071
2110478
50755
5899954
6004932
872761
15721
7757584
199712
5288813
6874258
108981
393715
6564180
6668774
1856289
62220
6338400
7469886
12360292
2711
8722916
3331089
8542898
12374308
10779433
727543
865365
9692475
11826008
320200
9368029
11421250
11700412
75493
166857
232965
7111400
391660
208204
67196
136967
6406146
12352814
5956396
132694
416378
126896
884204
496139
233922
243746
8035533
70716
2339514
58174
206868
10660886
688770
9806382
3845819
10425098
621697
71943
6123855
503206
1304584
8430015
10852202
11498
6120298
1626065
2111628
427281
809248
403016
10929478
7776209
8801412
8187210
13296330
6653364
501329
9639774
13101962
368731
11098153
10710395
11021735
10948015
9931820
10889279
9571478
6149331
6940642
7291338
8428985
13218385
