93654
7712622
169524
7552939
12285174
10104846
1143454
20758742
9490038
13721709
18782459
16152816
685529
3445677
10503124
291225
941136
84557
744754
2228149
311904
227454
15803208
16181267
18529701
471809
6609864
11971366
744244
16107982
428223
218695
18739325
1763298
30932
735116
13501537
13157635
17908487
16089089
1117016
18136551
272799
20718289
20025
23417455
23575069
22554543
1309082
142885
2363912
18301663
39397
18815145
240167
19604937
753375
410370
6574056
1387654
17998791
12729237
7712963
10868999
8702806
25376011
9648068
158300
11865209
54077
22908652
22864645
20446395
24452922
17794066
866160
16005542
7796228
18668485
25235234
662280
24889077
22437653
2051755
23016364
9303574
1168934
25676379
1820255
7046916
21470076
969369
23592248
185293
15818881
1148768
23598959
15814452
1820839
17412268
