20556438
970908
18401326
82999
535315
18350815
818610
17887513
12029129
18670195
12766829
1281821
9683902
8357781
4834319
18302171
15711722
10728435
1244267
19377118
20566432
18619368
6726989
8709514
10941263
15946128
7056082
19254151
2967316
20852804
1552572
5146048
17182676
23188449
16114088
17333242
2595093
33880
17909627
10098047
15937798
7492939
2211675
24302864
1511910
454539
16044791
18759748
132641
17364620
1921992
865540
70956
17774495
17726163
18693744
2909414
7183267
3265432
152532
20069589
7113436
18691079
3401591
12403881
19074621
17336849
25892
6337414
81021
13152445
18455385
18733437
6752803
24993432
20321138
234093
285792
16074553
211100
18454521
89623
6156
15813930
18908394
18622130
15844683
71702
18269724
16005081
10100384
256754
17978481
20701715
24883379
19154140
23309655
25053272
6513761
13580679
