156188
24388326
200363
33146881
13368678
8889243
4045691
836512
25313833
35496365
19082347
16151228
1819632
2600371
820394
49959
831446
87226
31695
666979
85665
243245
2188829
33668
2740212
378356
2869119
1212220
619889
124830
60278
296444
56031
7720081
7583
647597
88385
60289
946986
557307
287634
411701
271293
237117
1145645
15660
115817
39978
227295
81197
5879552
225668
1076490
1670678
12495
1360915
2015492
3769623
2066019
593059
356063
1207059
26759
17007
728118
820278
563830
4223020
1588709
447191
210435
384458
18683
116473
1242506
215816
2412696
658241
229108
51103
9667957
104385
485812
218038
6149388
115164
1233628
45630
6690236
2509533
1124563
2110851
13550723
2024093
9571711
9127049
1367228
8601811
360016
176247
