1559633
125965
15750692
15762129
106540
1846648
184350
531344
3427378
5291841
133772
4059448
6090807
80749
170844
562478
12878132
481645
572692
13634908
16041169
557228
149049
17529
729032
16425
538379
16075147
948418
2037808
2338293
214906
644538
1254680
375711
601877
1233937
458003
210946
3545387
1590979
6673172
25190
360625
99472
7670610
706250
145637
72469
831231
4413184
6472211
1337973
595586
1022376
662323
18693921
14256
74036
2234035
33015
1441266
161846
275833
78974
9608958
52823
256280
13511668
17204350
52142
862012
15984268
296568
5841487
18339834
6314763
24179521
5942
172691
123031
2197408
1644043
4955576
133937
96702
21491
694207
548699
7841686
888492
396836
1304525
35308
218574
334233
8581936
7239607
14839
11378402
