83400
240009
106083
6120186
2325497
12414235
89937
6283478
7571543
13184223
9757266
10082027
12871657
260941
2624825
780368
3300607
9749291
12467417
152381
161057
16108038
588147
13449000
6351555
13096012
563563
6766226
4923959
903288
6724779
10650775
142463
5344307
7292467
1753685
7889692
6421473
67976
359796
328907
1622304
12509806
16098441
6503160
599048
3339543
10092591
11222139
3199461
6618983
1824201
7454590
16180223
6082944
134353
1242745
13589848
9473340
1122137
2279949
267972
12968662
17367658
10429005
12758904
16281835
1138654
11861715
11016109
8719258
18039077
13605258
3635
10329469
17352923
2435827
1475747
94702
82783
16104565
6014989
13086226
5260437
1883474
69416
21211419
11278840
1131999
1205580
1245244
6833925
13402805
17860567
17413096
17905336
17156642
1732341
9000173
382360
