37442
1217100
37470
62291
402093
4588
6527740
6487308
375013
18116
3876
310612
3008
6479259
514811
144974
6149
39999
6424171
7332
17250
135479
16304
2865
5203
6068551
5659
30118
561909
7736182
1375
12691
9777
17690
17383917
10025305
6752378
24770
23807
9361589
30183
480204
24337
11275
10975
10507293
4069
4502877
1812457
7745
2526
546018
233818
10572
46170
350
24812
9328
2728527
11614718
227711
6892870
32234
7896527
11505797
11566
6148028
12996
28881
43814
6801755
43545
6442769
12938
1845
12505
10614
10692
439288
14497
6689
46787
16981
6294
27494
18929854
40440
28194
11235712
3236307
39662
10365
19380
15997
4687
569564
133518
93
37732
16902
