55281
13050865
23533456
10816297
23506377
25758670
6652033
23399295
24893071
20483059
22820059
6608313
156723
28052433
6924245
11079133
8551582
23491560
3369869
25253781
16290044
28016440
22305049
1030650
25056208
18001399
3964595
10390182
23429355
24358297
437135
22504710
23308588
1705374
25972486
207227
29610595
466270
25024097
3032257
3134687
11045925
1586261
25762322
1097547
3233381
22010642
6863831
22669702
8376117
1932023
32826907
6162512
21457489
23120013
19084669
18801978
661208
33260912
31080449
25541572
18904662
31388674
13110
1796985
4957335
8922184
732595
31394169
165035
34806628
609524
6897840
4058492
11594370
62783
127630
1178715
674260
1890953
15550
20927204
6318127
31555687
22842711
402217
22364317
32993872
773545
35339926
15772620
7951744
6551100
12922320
7645298
30523890
8510866
244438
32801644
34776052
