262436
254108
526643
6659254
346023
18589651
15944406
7531478
37735
16174197
19235985
17676198
51364
19549052
20933641
20901080
48176
953256
1767774
3222976
1877776
7204902
108067
64895
23700
462706
6365569
350678
107775
2873
6859248
13931
24722
60349
581125
6748439
414773
129311
8514163
1016875
29378
3430763
9938498
724371
16372
11262424
17413118
17413115
178629
455488
107032
12958034
1167144
6598461
6957731
13406329
15673
20454095
32085
19501684
9737502
18378
264827
40929
522821
123479
16792
27525
1017730
233820
11280254
12602408
400598
11401915
11598940
11595501
547102
193093
12349215
2580306
191617
17569860
7528717
156724
6633912
16275084
6181
23019291
24612624
436982
26156987
31538635
291920
72257
3129678
77254
239887
903
421280
100369
