6537088
18489513
64225
18801516
93478
10508714
6676768
18336296
7824314
18513589
222353
16172991
6761713
12092105
808926
15843186
117864
6456879
46614
6336589
24283222
20733636
1191257
6795148
24127192
22839067
12799058
18490540
18344534
23093367
65341
1318645
13276446
10726280
16034184
19311934
359747
283676
2888577
359251
16158900
1724619
377889
243401
9723667
23315239
955975
23278280
93801
32180913
24987978
28955263
140094
280819
1262472
124919
7721611
370799
4597577
32165077
35833478
23783156
25695484
9704028
765654
176392
440753
6077105
90235
45369
741200
72231
3586934
15577
965466
308251
1364151
2253939
1378658
8414756
913316
546965
1876642
11540005
6797773
580933
1254021
326077
27577
971438
11148995
573317
10403
560031
7444304
767547
10503
3239750
11072524
12076991
