664326
50799
5318660
44734
55751
13347796
11547868
358149
3237352
3711152
539051
11175319
3680404
13510745
11200811
13026464
13548118
1990017
7971382
8874858
76973
6644604
624716
6794439
8834274
1347837
3098445
10710915
13417404
13603299
8125716
435307
11080683
9436327
9238826
2594322
48538
11904233
283488
19510
411746
11345988
505453
2191637
501740
10342824
7661718
35448
862779
6069525
700919
216445
6082787
10818383
1141139
781182
13623149
460327
7932433
6633142
15767792
35238
535179
12015
7202841
23222
341865
131628
449241
78784
13578340
11055784
1237016
6560220
10394216
6784686
1025039
248510
108386
280499
13036048
15995468
511627
9792034
59285
837188
8526694
16072114
14290346
1217102
25295
392337
518853
347656
537613
1099615
1021656
905264
5700
7880506
