7171725
17230847
1946568
8250272
10141721
7125230
8727171
15749816
15850667
15746065
17283555
127450
8844133
420967
17118326
17259389
128116
10762662
15796412
20618118
15830032
17287612
17257084
12805349
13363788
716085
16100576
1442235
11346550
13536606
12380695
888367
17332405
17303541
12470048
9320208
17293464
17131558
16050736
16112067
17321111
16068219
17315974
590198
1020580
17344523
17253976
14305037
17314436
17283481
17369334
16087102
17345601
17240804
17311603
2967881
2436364
17408055
13138469
634244
234946
1307000
1733364
35156
17452115
13599565
15893925
207292
13492032
17455034
17261114
10962216
17193158
17468541
17474543
13101761
766786
17158960
17447901
6719604
7077917
17290170
11782614
8037122
16008616
16605795
17153384
17564064
1046497
15803757
17415877
17611929
17457963
17589548
10992270
8362878
60707
14535907
17289431
16078155
