283506
8164
21182
2662604
69448
716066
14742157
11873368
11875734
9476308
7687223
6541058
1188314
12354504
240141
413794
3492194
212474
15740372
657163
1591730
8411750
10517686
13269
10735846
13572765
15767870
177413
43992
2104
9674335
774416
131625
45903
15756284
13563876
7788
248882
2809718
13626628
1237015
12547098
10657859
23316
13547971
15798672
15995446
4052814
69947
9792028
6322018
14129280
108037
12594758
7623106
1673447
2367495
1451091
6333807
15704515
621184
184374
6787671
1244160
45365
112725
6000114
11673015
12561005
22339
8318918
42382
3539006
12963179
706525
603204
1014879
6530493
8427566
6751262
588508
787062
332350
16082287
3089202
862364
11881560
169503
9396242
147602
873890
746936
28440
1079897
13490992
9798177
7701720
8583108
384786
13608557
