30985265
27389652
25474173
25925484
6349050
2261214
15710250
20754586
26869849
7710085
28965554
6922259
13532244
18373208
18626815
15995107
16150320
910102
232410
11232430
9578671
164955
13421358
30122796
113934
15779125
14060212
26165334
17305778
9640847
25921191
25744542
5956493
18527509
79513
30353325
25867345
839860
21570571
426492
1432
19212460
8756919
23534737
24911809
2966878
1354
26176930
17080254
23005293
2635587
22844208
8700172
28798394
245325
11143580
23398763
22825631
17289943
1234708
15840842
33628259
222146
1019793
28443817
20640318
2767975
12359323
372100
27502
17454743
31130173
76134
21412236
18405346
26367877
297478
19155234
26875267
28798044
20746502
9875421
8560221
2045705
394695
7945374
1892635
21521909
7505716
20926136
11758566
30851
22430367
2026509
2768195
21882188
4543008
15701036
33970555
27416143
