15828551
183553
10529387
168414
22053925
1863081
1444638
12250841
17641484
9367853
15774762
981693
18142312
17853024
8498471
25006067
24201085
18397253
3347854
6512481
176378
600567
18153991
17332968
18554574
10433636
13553070
18071924
15854121
18430293
7200466
19870016
7187885
23381009
2095037
692935
15798109
22112226
24177271
8525598
18487517
18224317
16048967
13586749
21013383
18367102
5383628
25119892
873201
8849290
10810798
11233988
13565364
6974489
9432860
56096
11730580
17190701
6505517
20861038
20726481
2348340
10497651
22023867
12823329
18465496
2120783
15852480
12326627
329623
17983740
9475392
22710858
2861410
13544455
8668853
25698620
22324537
25473578
55022
23494915
459082
25117552
6681508
25012318
18778100
6098439
18775568
6318371
25309770
26810749
23206449
29472631
24452249
17403533
22668844
28115114
6460221
22608591
127047
