8568
324815
132606
2532299
5948726
147310
8826
6497805
302424
4195038
38054
528965
191437
1399452
707088
1193817
79296
238961
5889035
764887
606939
131116
226151
2946563
619825
2015924
27646
94673
349560
476494
60291
290973
388873
1043314
148394
95608
1017306
8501390
5283121
7041144
361081
122942
1444165
278653
146199
290864
2516238
1442834
154293
151374
822200
563788
6496883
3196717
363425
8147248
1845839
1017906
114179
616069
10183211
4328865
3581328
1864050
1779929
5948534
267102
1001624
8138434
2025787
352780
4637888
12101372
190843
7519866
1228406
42699
27472
2337347
28635
119620
7123179
210235
515601
205973
9853855
7278720
4314031
62885
9859438
13130532
7991935
558654
3568996
11955586
9633221
11578726
7147796
6322122
803449
