687688
504579
1312766
7533903
7983390
2216225
412650
176845
971435
153594
689486
15764025
10119527
18129100
59705
18485370
13526010
18043373
196926
20551480
20750028
13810354
18189640
734384
1931351
9187459
12147379
22639535
112343
875906
5138488
17310548
18871985
2009100
20898007
1490740
16299991
3167799
641550
529815
2702141
19523941
7915095
20382228
17374029
23489258
2619732
5976135
23491650
11640897
112277
2327
27269538
7747189
21938203
25662416
27083865
23411547
20710530
11417142
21901624
395003
28396672
6890828
17846703
13490079
32977946
8591107
31298846
18051573
664372
614767
6793743
1355677
16182601
1121157
820795
7049266
25255568
26005735
1228628
411167
18269500
23297311
32056
793918
3400813
29492022
31931868
1253990
22813605
40722
97553
48624
33885
2730022
239478
206091
219392
267738
