393449
13518177
8132998
10835364
178470
16130369
12560661
16164095
15841845
1103630
53981
385415
7341431
7852660
12688952
12548144
7737606
19401029
3573143
956478
3115360
117054
17886627
20758599
293499
13477861
3331789
17936734
7896138
1966205
18784416
17946659
18367412
17789624
8180165
10298443
17612202
10910023
18630143
7195554
7723547
172223
15803746
8303977
21953590
18523094
12027395
14476866
15362992
8939770
9468462
107025
20872079
2417268
796895
12040447
1327836
15733346
16072525
6795401
963270
19189462
18523139
13411825
18593399
18627715
10805989
20530956
18282723
589064
21368060
18685287
6456016
1585431
16169483
14744381
4897881
907797
267122
19231716
18487360
13425393
1760765
18626540
582143
19366810
15985570
23200119
18723957
918222
18927464
23292460
468664
147099
65716
17912199
1702058
6052510
22033850
12369589
