851927
15761187
12962700
10948240
313259
62082
6249600
9317110
15804148
11942639
15748083
15818663
5139218
15764214
4914818
10900053
13629064
12339830
479519
14419107
248869
15705572
15754134
14388481
926803
8801543
11718466
6344897
11821539
9143033
15853961
803177
15813086
15736534
923856
6979094
15990206
8130013
15824986
1790021
264380
11431000
371269
16002669
15828370
14534775
748862
12054572
2885773
12573907
1835592
10922494
28597
15707938
6971201
12908035
2514746
15744239
12837554
16005345
16044507
16034729
6288703
10517658
8038476
13357784
8652648
16051846
236719
12967752
16060850
6715481
280410
10833203
13623719
960713
1887200
13436345
2058305
16078921
16079427
6096134
16079226
71014
95265
9677807
16029847
4724330
15885782
10454282
457839
15992536
6621534
165582
4674126
8240188
7708628
6539576
232079
12079560
