4907301
456
366787
179612
774032
25669
71622
7897478
11201007
7312324
389828
17607716
47061
16114
54589
13020
1049509
72676
41951
830784
4364
27397
6321718
64279
2002
9394010
12955738
1931915
782898
1138034
21518679
617097
38502
4042
48760
74046
3630983
228534
1022209
154387
114172
3301645
1540877
53645
16055475
17204860
19286603
110393
427920
900682
105574
71047
10799807
469901
31259
9554790
276767
6100797
61898
6777616
78972
34449
762563
80672
47922
22189
159760
104627
61115
2420340
3216451
133380
7026
11277218
13316328
146107
14027
127028
639787
13642963
15799936
22875451
380609
7101
2260637
13516487
146548
10283764
14595
86321
10873
7103
22191
43684
232647
6687247
682150
438923
2606779
672965
