20990952
24910237
7038582
18300072
28290204
20342493
15823411
28090093
27418455
24612533
24607565
15832
26063675
10291143
10255144
955926
14896923
11332804
25739173
26586108
9141715
6699443
25391705
715995
13737
1404501
23349181
28790776
22864888
18874651
554165
21412259
11633
301001
7337871
23382512
26699573
871128
21865587
18340095
9912400
10050463
8585924
11346278
29911128
6501849
23853376
15726219
12351500
17349076
20718586
22041701
95503
21233769
17702699
822195
22884430
13513468
751274
19031591
18340366
3548170
578519
7633800
16254389
13477533
683898
7150991
18188390
600791
18188118
418995
8409352
7863709
11680475
10634569
21402833
66038
22305809
27117965
2625530
243827
6936339
15836216
6024532
25727080
23568450
18619149
11155184
4524
206644
11541309
2279440
20646135
8570910
30626646
9686491
1092572
1632601
28135773
