17623991
164344
12681104
22817474
4100780
22824819
24974122
574332
534753
29478760
13508469
17252954
7950150
33175
32205074
25489021
6313362
25325798
17892165
578597
11054030
17193263
13065605
25740755
17802727
10093998
29873840
30364791
13498847
47831
22487669
94326
3058370
18722236
13618037
34738066
11529030
35961572
11076123
31450752
7244114
17158059
24712322
35268737
1358541
822420
32802274
21416421
27856442
25090719
26114127
48137
620914
170877
67721
238638
615999
64533
684420
1367605
173258
180995
557153
9434822
3289463
30283
409320
1106041
1605707
24972
672616
7623135
603992
9640383
2045157
554766
564853
10519
280797
1806174
9013758
115572
405980
7882740
65066
51430
9260632
185292
2193419
476301
375410
136240
12389880
6567897
1124288
3617904
7898618
1889980
1103210
11518333
