261161
698
4492663
501635
4143
80960
31357
420732
659612
119841
134961
568095
6726734
212615
591499
846616
41818
2043100
132541
3710
7713232
32441
11450360
1033346
6420553
227331
437622
2392613
13340040
78985
6078385
154332
6753329
10869746
89377
13412178
289783
9513722
6420652
10464963
176972
15984353
6908412
10131648
12059093
10913887
19017767
11515328
9515964
22314178
15729392
22875
157076
5538421
1574439
1076924
2617434
30613790
179172
442140
29137
6868
263146
1487022
29811
71679
628955
141473
6326920
293984
293979
293973
443633
271295
69930
1741089
1629727
162759
6356101
6327770
1617199
769255
8151
29588
1038269
54215
2573525
8144743
6682769
7809
69005
8584912
1307109
42048
112510
645416
65666
5597902
355789
9471065
