10770746
111017
1235735
17612277
6754536
25153134
32841355
19020662
89821
9652941
25394547
29630849
44179
386373
30826171
28747
29989809
27974102
9347101
1681593
32843941
13410599
142293
602925
16088145
509797
5617966
24502526
956323
29010394
32885882
10857048
816763
12359733
48654
18881657
10851378
12824455
27820656
18339637
284066
5956028
7237456
7987042
31148884
18584823
22551597
10299349
23342851
6611199
25852828
1104412
1551211
95325
18619998
18298683
905
11522109
23009011
6314759
31112263
1330341
182354
10116968
25197374
25171653
11307743
25412552
30056248
24068972
27242752
13421882
32027286
800545
2928531
22493018
10801335
19767682
1339888
23699996
21539951
1035
17130362
27736
12087514
28913
3437
33848507
825889
897830
34008848
13604139
18887980
23285593
30622617
20735648
10479003
2514766
12646050
616661
