7027569
2969587
475920
15832573
11284106
4574883
1717891
53492
958029
144634
15760720
15745010
16040430
1270311
4254108
12929918
837086
6886878
257800
9580315
1220613
727831
1037636
6794855
408888
15735453
113796
2138727
212957
701417
1327711
221274
15993262
1813510
13423215
324629
16100191
9666241
9692914
828015
6271032
92570
477605
80583
60407
8697191
11487159
2687495
11905570
10636548
293636
13597930
7874744
13479773
10564983
16093312
6421472
12483882
1157924
133620
6360826
16041031
57787
1533586
363394
106808
359819
10762643
1904852
6759454
818576
54666
509
151691
68519
522888
15744952
10465292
77959
1824216
88885
780845
865125
796267
3020366
13573318
56405
10588193
16174332
12113821
10798568
10042932
3403573
3026588
13574037
2238402
452355
2834775
9478546
311504
