26810441
23398625
28218412
27422564
28166256
28364588
20497123
20869872
154128
2484198
668282
20575451
20649195
27917594
28430814
25870597
23637985
8064720
6572004
13435894
22960609
16101171
12157407
13701720
3149089
8072662
20599466
26140267
18814085
12312842
5385951
25963370
28260714
26197032
25219341
248326
12564
12512180
19854046
1741026
25615392
24898300
27829116
27156669
22809818
420031
25826381
9559392
1411020
13579947
26117746
288518
488450
26486242
88413
12530162
233679
24464234
28646891
28600603
28938249
28596857
25796959
18071697
28800321
23690157
136814
14287847
20426995
27567960
49038
18158582
23597709
21939333
16406114
13640210
23848461
76817
6609563
25771064
11341269
29170797
158796
27799987
29207206
28675567
22662714
13551935
864316
10246903
29102404
27392117
1035361
15781041
28154979
13413944
22607975
8480575
13365833
19181243
