27431418
498641
4837112
15158
24781
3334563
1237398
11106458
760941
8785374
12846479
13477676
8575295
37800210
15676
17833099
715834
111021
110391
15998621
26146630
37757861
5346
102327
18134249
16070143
3338544
2954411
13125234
37794574
6854
10538
74532
24815
95622
6163
194746
395962
7629
7059135
64217
2334751
14940
14495404
20803962
23196
26
25350
3720975
13496738
17860199
18481271
6416903
7783920
13406425
581126
61672
6718608
13323842
87640
1335019
216422
9165406
13912
7672
9409469
13597723
12522507
318016
9975679
10033
3257136
23357458
9415951
1048645
814318
345299
2152871
8447255
2284803
35504431
61049
87745
3378
140974
125502
94672
22510983
107776
14896701
13522285
21704
18144124
5135798
13890
57936
6058042
22020052
18298225
23403402
