31206440
29541068
31199888
25663717
18744678
11769373
2953051
18224392
235128
9267777
31314
993941
481455
1593668
31365
8440608
61939
699643
481524
3277731
2206174
5531637
1246273
760312
928815
667147
337210
678090
4702458
3118991
18217
56912
6314637
675513
13153963
153590
4211037
77491
2896450
16155998
330643
602058
940202
9351802
702243
2058494
16702153
10799498
3395880
2019793
2474532
671039
6365322
3305824
6898562
6493321
1113287
18525657
13458830
31975
4309446
402026
7357513
17986406
12975068
23394084
13577579
7351320
22822881
116826
2431812
590747
61957
5661546
159850
18279038
7948346
17216773
108027
88373
11815113
22596284
3050104
23591452
141624
3359180
31818332
11417232
6318283
28175159
71592
30820805
25313988
18813530
209525
15775856
18352638
7104435
66900
243360
