12003094
77520
22319791
17696973
25177715
835589
25713846
17175373
21946976
3424994
387241
1410574
996800
25584584
1077653
17983645
23403551
12725
9608
932902
23526522
23445919
1125413
10028180
27747199
250792
2921431
21063217
25613521
6906240
19532341
26035420
359998
11742579
16115374
9247442
8322565
13080666
14905559
1243525
24494198
23553419
282646
248193
26212
10421640
6163327
1558033
1235942
3919207
7562585
25290956
7665935
106484
33515682
17375358
30014126
26073089
19179671
13573875
31767111
6350486
15981705
10303328
92644
18848210
29866955
19213917
327764
529830
6295173
29236298
13510287
11378234
2435734
15552
191292
35963641
34776051
25015043
27823055
989667
1547049
34538468
17533
436114
36204678
4913339
15752117
34330888
32721558
13278166
21212892
24893128
27206334
32321772
2246948
34066636
7941567
11403999
