17286818
23929340
113131
9335564
22337223
5121710
21805511
19321432
20934963
9571767
3207584
660280
6931246
15799564
23626326
19196719
12613710
20830845
6347563
6652169
18505844
18303623
20821306
735708
6406025
22864838
13076542
22469648
16081268
11720382
16158817
1736540
17412763
1291491
153019
20860778
12607983
17437203
16171283
355871
21400046
10475220
15762662
6590326
598535
29118
17204850
8066786
16104633
11982625
23247327
11109016
20821097
24644767
18478848
545759
22914214
23593519
23599579
77264
25160929
10371118
17340464
11265819
9669552
18335570
12832413
25236421
25087746
8934126
18404155
23236648
23450924
977841
18491251
1427086
6599344
1606158
7844713
9813838
1652357
3181151
306399
13413022
15723025
25118424
17618384
20575446
6234781
22739647
6154130
13502958
1216096
5248524
18113200
25674350
22512112
24790258
47621
24876097
