15760001
529626
242006
124509
30043
13139
45195
38296
15749186
1240662
33676
2355575
8652190
7937462
12557
24113
15783514
1923820
3165162
18705209
581811
6259
21484
37793
19405702
7600924
407429
6134826
5174
105992
344262
12985
5932
10929
7137775
5094
31338
16328
7747064
43916
40493
11557
5139
17267
943402
102868
8235178
9680718
107301
2744
10194157
7437
365
77163
9409458
5604848
15196
17309
460548
3462
11991
9592
22557272
47212
7619
13644052
29797
36314
9462795
29209
33456
27822
8694
22896
2985500
16070903
7669
34532
243705
91661
35743
5479
11602
187020
28407
83369
89724
15926
232576
59960
2122
9067850
24800
64222
3227063
13643567
68429
531350
5359
7042
