26532744
1030296
7733705
16126395
26819691
29940879
71121
34299826
2927604
32196024
11910
26264941
1093795
117899
6617749
33706134
18160626
3109025
27426057
25677827
12621028
6307964
34662229
32057598
7862151
30643163
1075344
28686887
29467232
11247508
1282954
30164341
12462627
27808997
22384536
28141183
16166626
6968772
24959467
70897
32799280
700817
9337370
25689056
1113856
15705091
7349
26098978
26121
26030692
19243883
7283975
35898011
764356
17208309
10442229
12446825
1541570
22446624
7791442
25542986
31201651
22733729
25576158
18021978
36218967
816786
764861
25710977
1161134
13006132
36448590
12105066
31217886
25636235
30653853
13537029
1434
33915945
33241740
20125208
24862803
888958
3234419
27188596
15718542
33405666
670082
32877248
36636840
36658959
77733
13569942
34208038
21528380
36348348
13577614
25158237
32312591
402125
