4451
15544715
268707
2275786
128616
17789627
17304554
436351
7453540
9450045
16100486
6310629
1557373
93422
14827716
15924677
16153243
18042708
5865404
13141794
980426
1282886
6140017
15898243
8622592
223635
17401073
3027439
288918
3060413
83219
17504621
13516163
17157524
1288758
100148
4713862
1117732
9635319
17454088
13386020
15738951
12144569
16059450
16123143
18068668
1778691
20758607
199530
293505
8498031
16109187
12427658
12628536
7025989
17797253
1321606
345560
18787097
6061633
275790
17607850
208495
17900241
10661081
1261859
11980262
10576653
894149
8041873
12844
18142413
17559004
12805244
17251114
344202
394616
3796544
13533656
8289097
7654949
18481904
2153110
152405
10814753
6660085
17257990
16134829
2067245
20433029
20944389
7100200
18074107
18688131
10462030
72912
1335145
16066896
13633367
18132803
