22030418
17678077
15764864
22700430
15717850
17406490
18138222
18283770
613229
13060924
11017211
50750
10360973
13541076
13422776
9628203
18245670
2978548
9988148
21526646
4616864
12166282
8163722
20483084
8890606
7084002
11301
7242119
22842939
18008074
19193315
20351509
891671
12956766
16230498
19549803
153191
17822248
107338
1484149
15726555
18242995
18599776
6425814
9640837
18041750
24501994
1711389
22146939
17289061
17668976
1686820
13366104
23733909
911645
20613439
23593321
3730554
20708785
820461
164836
12506550
20958463
1902917
5715698
887573
23931668
20112297
13073519
22176808
282987
14742560
68150
23387007
25270605
10846330
81612
16006282
18430452
2884065
22308738
10302287
20519000
18187566
11958269
25305006
11637339
280313
21800272
6402631
21530082
15722284
114812
6064622
17378579
15942674
338480
3362016
22886612
47586
