2878910
1911886
3985660
265416
444056
71777
69435
5834059
1376068
6092850
565956
6357391
133688
2991589
27692
339227
16424
6476276
4021186
393474
194808
84079
132598
6280226
605592
645352
2671758
325718
292365
2330383
379139
39518
989862
2163420
920219
1264696
6089840
36193
475444
60972
111011
6505069
383350
13729
682742
31364
363302
797688
799693
7879247
6671690
149840
5598428
3217341
23942
1384809
251052
87989
586347
237032
368931
596834
919828
9615624
6681558
163774
381602
156599
43706
12054
5664051
491244
10167797
78071
457236
289627
125545
517570
152643
7744219
6496803
7099920
450174
2834233
47533
161275
1658694
5948529
1585299
19842
9715572
352781
2498084
605878
542266
236183
179191
10886702
9685716
2788874
