66414
12617
197458
8171984
1337759
13420351
16300116
21939589
51114
1188295
73931
28395
9943
6249757
823134
9443405
4992047
18212796
11016
114133
383022
11990
31818
91767
28762
54812
32254
13747
16070072
10506860
509080
23848559
23219
898697
161156
8874743
253047
126163
8452340
128711
164726
547608
1231511
8430908
9615347
5400
15723286
18781540
20271650
22369
24709327
44537
107007
1151331
525304
15595
78039
7274337
25936823
28954137
1128178
18402
89755
455933
110090
58077
23982
13477883
21417430
466518
349164
23257520
222576
671560
10336
818867
8341567
10188580
61834
11512161
133241
188214
409207
6520
12931
3342493
189811
10806008
194006
61938
90761
12019355
17195831
30555488
15613
61974
606818
220969
395875
92956
