6785706
15798129
14641450
7030007
19135072
13310624
119014
1070138
17164633
18401124
21422345
11579476
13612397
21489272
4390036
173363
16065672
13092528
5823490
7885220
22529375
400716
7831608
18656563
22587504
6599175
16081320
6037288
18113449
22461942
15711420
13382328
22174098
17992789
173438
20650678
18367834
18490684
487188
7108146
21980271
22144858
96442
2278387
2258548
20649133
9308682
47778
327322
13166599
17902860
13615414
2956997
18515966
127804
5167648
17407067
17970264
1594681
15782111
345396
9970421
21900141
18893985
17185680
6578822
904547
19091520
773693
17206123
6590600
9411636
991531
22043862
456545
247634
18775359
13665100
12988059
6626887
10996993
18455834
18722894
16044540
20294199
356321
7907192
4974052
10119029
130149
13854
6060899
281912
22913102
162334
23204203
11359684
17384514
21541107
22010107
