23155080
11205829
29740718
29202269
27245604
15851233
81966
33643994
17266951
1498723
13490765
28186273
31324863
5895010
13123877
33526058
7656222
19107176
1393719
11396227
2637823
1296090
22844191
7997192
34065268
34080512
1034151
30755001
15748038
35276743
9698345
13037365
26800047
1450407
5148645
36336690
85320
31821390
19507168
16091549
18005628
23586787
28279142
11416793
23215464
298827
27158739
8875360
22320456
6092175
32051912
31424537
970556
38649517
6501244
2737076
36411879
35819891
18746708
13032003
8776687
6584437
17611937
10066982
35396707
31371741
25125654
30256105
7241962
11280352
27793819
34594982
14744397
34218224
6385105
493092
39094666
6163301
84405
1561323
1689454
250645
95532
682919
162497
30676
50316
539116
39939
2401014
320216
14326
1100160
103979
2580855
3258948
37474
239395
2213336
550074
