480570
5996209
47959
84139
59924
40425
159582
7769
17303
13486122
13595639
3465
1736739
10803121
59980
14061957
30334
24445517
40223
11013
129620
11861815
13834
23225
18500665
5148720
8534899
84737
2977487
16691600
11227040
210329
23224
11594337
11437
821056
15015
353814
7739934
6202342
9581001
7170627
398323
233667
25644601
78876
4985
6585201
10950924
8726744
77449
74270
156534
18402055
815309
18468559
954674
194373
2364284
216377
87264
56919
2750180
116296
1677
59151
8282
146746
5296
577283
46815
6380822
199786
2402971
13830
17880708
42641
32979
17333230
22320
50275
153795
13561164
887877
24790
263147
11100431
30226723
174834
18769
35360143
127586
79626
61266
306364
74998
8314214
17377032
11805486
9397967
