31825475
18399881
25678149
13074442
26634594
311153
12502523
18460063
28627373
30184988
34136494
1257079
28162817
22320450
8516589
2658514
390299
768313
431323
156630
1772941
125209
227592
1611388
6281800
2205321
758784
137970
228696
33486
52180
1930278
143586
353731
224517
238142
10334529
8721228
579581
342637
102460
7058405
791780
9904119
117663
1451796
846044
15758485
7667982
42519
29822
6348415
186937
611859
11547894
9495160
646112
50452
256279
2313415
17852632
3185640
1989153
6791785
17668078
16065734
3300813
254262
12231601
72626
1289617
17754177
132111
13166598
35816
2044979
572630
22586926
46439
1003311
375669
254351
8091
13355603
28421110
19548127
25042819
884087
7190137
3595945
2953
1102116
22504626
6878541
16118299
18885514
305606
26047345
22079771
32068949
