10428803
8765229
8174434
9602495
1587995
13510645
11781164
8122734
3223706
15758438
2677906
1279326
22063921
17494
1893267
1994295
48745
660451
7841511
19578
16077
138677
6574
3097734
1459217
18513794
8856598
1126945
15707526
3598195
18714985
17872234
15990329
61168
13502189
81332
1703097
816462
16000978
22712380
7772778
3339289
574629
107796
21830623
7055559
9717980
559744
120049
24500775
18774034
21404079
18189493
5986348
1066051
6388946
597191
22402469
21955381
13087050
11459863
13556937
16127238
11652
22926603
5928535
24574828
22249707
14780875
302727
23384167
32504
114872
15820373
6929566
29222867
23811731
13572335
8449976
11051163
11786581
167002
57504
11461569
18623494
112631
9215165
21966815
18720527
2260801
13024574
509094
11291595
12084278
23522181
17163162
19484
6421426
200963
311156
