13122997
7707332
1488510
17404078
12727768
17608346
3786914
23017947
341247
3127736
15728668
7093952
10443437
13319677
873273
15768989
500998
16271
17193778
23476344
578478
1512074
10733913
6964002
17727276
8649731
18161933
20591211
18172134
18730158
32699670
326768
140087
1440203
18344535
9638071
940996
1276594
27834426
4035
850371
7506196
377916
27245484
21461632
16109762
9688403
11821471
7727518
145117
171108
209682
148810
289659
217319
7346106
526797
2838797
15576
346432
6979689
67977
9905387
22345
6994132
820396
7948410
706435
7096
73866
224499
1577013
2180781
13042238
5943970
2107163
11262178
7444305
343566
351018
13636550
80617
124776
1009886
208628
169003
22548
717843
15986607
837646
6963764
13457580
26244
553444
29126
354264
12691596
206796
17853083
19228096
