16240541
1307394
16074748
969269
18089942
6393082
22616635
18692995
6336453
205014
18186807
19081402
1212868
161657
22791973
13629753
17453983
29908754
18716399
23627080
27252717
8706
2092897
18004320
5196764
4101800
9036325
638603
111734
31862
2011
348632
11320
833060
68097
199688
1039182
489830
6311614
5841908
108713
48203
462658
176755
268437
123557
10305
5711749
247000
1975322
5178537
9481431
906015
657371
7389741
3235139
287630
90556
48836
2185736
522782
82104
7717938
6556855
12759057
59950
15985583
5762055
13271555
6751761
6293900
240162
13449677
125424
1970449
98532
12924188
17915542
1476260
17560038
78970
10479750
22472
17226027
26329
91487
13486918
6130845
1781673
23944
6476461
17566144
3195992
17448137
11196694
18263725
11274192
10819228
8725909
11625
