21421126
18594634
18051
16041808
25206202
16431540
13308409
2341319
1055927
93008
15773615
17790667
20590333
21420189
18365945
25155127
24232495
18630547
22974288
20759481
20344467
23844390
24649825
22725927
2263233
23433546
404874
22304263
236202
125157
18469177
5982482
22736757
18478062
10430194
18453789
1926218
105744
25127693
6082729
8521767
18755248
18206596
25509471
7350221
12618151
25321126
25129557
21856367
25460392
25456498
21488063
21943097
8197084
25136641
18457322
3761596
20871515
24012225
16137702
13258435
2978918
18139931
1929182
17131849
15778735
5509321
13635076
18943004
18306138
24781686
18008080
114511
16108628
18939770
421398
1960591
7117617
16248281
17250818
17622784
13628172
17974690
12969594
25961617
50388
24484719
9703922
15719625
20452094
3104267
547162
11126171
25897988
915957
15706711
25572565
6072038
21801491
2009585
