8643407
17262236
23666139
1129928
18108281
22514020
24308122
18079710
26860475
17416065
51068
17305016
30199357
27272506
6267163
28006120
376160
183645
2035791
746255
71677
24816
42694
2615008
924094
79379
37387
294045
2947312
10066
2761
1143641
291488
71785
112872
87218
32422
93380
75703
2124206
7882883
692969
6004667
43780
195806
830364
27298
2583921
2544
1140698
6760761
185911
833253
7242100
676679
427252
5709572
8513841
9504214
113110
61881
7242757
18932
74928
406425
12630405
49745
8860297
3482609
13455417
12866814
146160
15776941
231599
9635495
6138016
210196
6572270
15797097
982310
1153501
8526451
6321845
507069
684509
18455548
22021611
18782545
3031309
8492907
6523443
18592913
13536649
10803709
19230408
18478946
6371905
23381006
481743
23429820
