2635498
1241475
11314891
13294574
10974365
13510297
9218508
297684
612149
2262320
197201
1178730
4776314
14289518
10435319
1882872
1993767
1529652
1537833
1047507
13626096
168760
28479
99690
5983057
84592
3767279
8752885
44133
59845
15824878
6116588
11913075
13324509
12528217
13599596
1141660
13154142
7497897
6193
15716664
7622316
2918314
11738736
9462637
2694539
805220
806947
2106303
7726892
767719
637160
13214267
588020
16005878
1256574
13521419
7743801
16100179
834019
7052617
731473
59641
14762483
111411
1544564
116184
215707
1878
84786
4917200
7111552
152653
2718077
16141344
11836958
11452342
1162836
33809
359810
10084830
10806851
13416281
12429
189568
1480838
399623
767955
8417155
197132
13623618
293561
2890308
16112629
9674805
852431
15801174
3661261
9106473
16069024
