35519
3805
264
7770
13206760
3102
23437156
6050298
53496
357664
6320534
12751687
452306
816
164154
152380
10140661
49750
57891
17214
48328
15745950
16690
24765
6295
5391115
306654
270730
8835379
19057
29946
13596809
6468666
9673436
6137154
1582996
7864437
248596
8709523
17961
46164
5246
16151178
11768
1617
334176
78983
1241
2168860
50033
30281
3099787
127455
13928
248704
8621462
3063499
42697
33507
6917952
13104080
703292
95819
5326
8695
13206828
140079
373755
426504
131359
3407877
186190
13362536
34484
321552
4865
298275
2153405
3466
13872
9593911
229123
368916
36072
83674
7046495
34497
19691
14935
17332218
2731276
2595138
1848
395871
15241
13517535
135836
7728
2702704
10916
