15813008
13067231
124223
31538614
79929
13150036
26011489
6057198
1945307
12322771
11740121
15816557
64637
139888
30326845
1254511
11161887
28217057
497723
6018331
33548948
12319
276796
31067193
194303
105552
10448083
38884016
351708
83412
794093
395464
552894
292275
111048
100720
647701
289663
302451
298357
720987
2739979
1273995
428350
37479
42434
2391128
8393104
308585
1397576
109580
754872
3040441
8175807
253447
82599
6977252
9587330
7427791
6707571
1219954
339341
132695
669852
918619
12662207
19610
7432648
2177655
92743
6498356
6265685
57013
2059987
6609704
12262732
390058
17201293
107082
1329268
4266110
2403889
13104701
7775741
2195437
6871
735321
12327708
2065589
862013
9771964
26595
7276319
10148340
555478
1798872
18513781
5974014
6693928
9505561
