1404756
6276276
1286711
1004183
8431510
215791
1551510
7998835
497121
16488
7380895
6663818
19133
511241
38989
1305001
609518
6441387
2380313
7980229
159788
2726569
55386
4723885
764704
828987
129956
1404411
2338190
7150757
43603
227789
6601221
198639
851592
51637
3112733
6325689
55776
2670654
7888799
3555477
1156197
748523
329736
7456726
940127
9535775
10073893
24073
5252140
7719324
140503
6413372
12335
2436099
59818
3287096
1702668
224387
445426
6608160
120728
90229
362212
1035021
684770
411460
4468753
2986392
1480335
2283880
9736277
7704492
22501
158685
3176299
301438
84148
655782
107791
173307
17781
2619769
10301321
59569
23244
420125
8532187
379701
7741065
178466
7467724
21607
1090318
3237324
7997987
655739
50923
6803572
