311643
6918816
963151
1261704
111312
11928859
249824
332021
1851156
10360228
18554
6407986
293027
47906
7556058
1821730
181481
10706725
7846759
7319166
7746487
630020
3090523
8116140
6648822
9403048
396825
1729323
8824474
1316382
47731
21340
6643581
3212912
299689
805087
6631480
7140754
50479
3068365
9719411
10836748
11175689
10783162
305262
3246650
5999817
7794853
9266769
9471504
6369020
292049
542606
6217765
959304
314986
5830358
8164800
177393
2607493
8864817
875395
315578
959330
8013943
3191898
7802786
137551
8697204
3513856
6007336
11474934
3532485
11098129
831140
9895478
9991170
849915
10725481
2110492
7706182
1326919
9953850
675955
6460716
701564
12075543
164988
227152
891224
136666
5278191
554672
95988
9581507
12005966
187287
107611
1145570
6382796
