35023058
33156573
18593405
11235
77555
945424
26415
273718
720431
982464
103638
15764
129511
3416092
181424
95657
590560
32108
187810
7708353
174685
295032
958851
880684
2100810
4136
383618
7067630
92575
108422
672620
550694
6473553
7278120
10486419
317970
775973
92230
59819
6594367
2659997
2074013
8290820
131830
11013328
2304317
490419
232145
6216499
406185
1799322
84074
517693
11479938
229490
319639
13139660
7665888
161768
13616270
77787
343340
12275680
972188
10436992
8182126
764816
5656627
182463
13629656
15776719
846043
11188058
6661472
830893
485820
777108
415463
11547862
7718664
1455501
772260
55818
700157
6145711
591822
4775967
7069333
13518673
682772
660470
208723
9216157
359830
13449631
1384335
2613300
29411
12977456
15845821
