18669943
22504696
1021010
20420856
632753
185117
698609
79449
18386029
1733346
5776903
6357323
27193308
80035
23835991
25444501
18373296
818748
835638
102400
18242939
666447
5967064
312802
25311189
75636
1168534
413491
1632398
427379
128755
378000
484549
2473182
759900
4341
3502288
1360626
981161
85425
7168099
662697
114867
1538911
40168
2086132
8086216
9631271
226858
2792649
59807
127122
16101069
97792
1034241
175324
1032019
8379666
40745
328351
3071808
17623990
50684
18242950
9182317
253272
1385708
20931902
18361077
3407541
11973550
17910105
17729366
603988
58275
197287
6481821
175574
330721
31684508
25352592
77426
13586786
26136281
24856069
18378703
6296314
228064
356712
807956
666940
1632397
951242
2095583
484562
6138606
40295
7696564
33477
2200090
