1935309
6405748
183126
22722827
22466218
8973570
18690048
2245401
23121837
979169
56331
219714
17856222
31373426
18388533
32200906
6004367
135444
5965858
23256424
6184133
1900694
32971664
29904517
691341
2019707
810859
27257772
24681077
20763881
33628323
1577380
18710920
382680
23270156
101551
468003
16638435
28689742
31371729
1030717
886051
6604086
21422693
8862
29662748
24904375
16121916
30272476
17404588
17562900
399382
1390754
3113386
765951
13445136
16169032
2260460
6452538
357638
594852
23824206
18240649
11627
759837
6250997
12180551
32860355
33223763
15845588
20893351
35162572
6765934
28086
30268522
34397653
416479
20559182
3065124
26544446
32336454
1333429
2694064
282459
122363
254310
278264
25785993
18946313
1068673
24586590
18132708
668851
8797920
2069495
17316492
2108133
19030845
29613508
35905766
