67087
195733
287377
550343
106882
34312
1121717
31391
3553722
34988
47510
35349
23887
6063110
13759
147210
8101162
6572844
593031
6779
13243728
7579
397867
12201
1132597
9401590
1215920
158007
10396147
10739664
6481889
13413782
24840
6470037
6635054
6692041
29944
18655937
116925
894111
22779732
20743647
17880696
2435104
18599572
21965107
24397040
25463009
19401348
10645526
46201
2312486
15670
192523
73725
11139851
18759199
3400019
9763
24851136
25968411
524878
9640
3279291
413681
74616
293617
826034
2498668
14034
186682
84777
76373
6973755
1421978
103111
588066
2249920
325895
164722
1239609
6344097
3546298
3495892
13556699
13355467
6641635
239906
6505917
90411
287022
60431
87426
7336615
11142955
17337522
74996
15700446
82795
6673065
