1106464
625561
11026
801998
660155
8419432
278725
13056609
1123434
1239385
225379
8856666
11674213
8707554
147493
6759304
431806
3437316
7903236
9691498
17794305
398479
2515930
898839
53363
20758652
836182
15822168
761156
531509
18782852
18364819
17069123
55516
2341
2045569
1935045
12335076
13613441
9137763
20934149
12845
18734993
17183416
16084702
11168527
22248969
16072504
6657114
15765698
15743626
421905
9642896
21491731
17898670
13356504
8641129
13645069
22566588
465697
22359899
1339569
7831435
276287
13539158
13411928
22046835
771507
7252256
49051
6925661
12547110
20579053
54519
16064710
13446537
21920584
18483434
6361937
15840017
18246262
18819342
18074546
454367
348265
18079542
10826662
153875
1050948
266663
419542
13517610
21269638
12091768
20879280
20026
146191
23271683
117031
18697821
