2319979
8542611
6192882
145655
3384894
457107
105228
12672711
8456791
7420106
1155278
10202573
607458
172735
2310220
14417
33153
82022
65549
10106
11065215
2968562
1855119
442347
12961248
900567
6878545
1378477
3301993
8333930
11194442
194800
1935296
6623531
258812
7293149
7667952
46725
104445
2617843
9675221
6931232
667488
48119
1396111
228416
7682460
206955
139176
271367
535570
8174468
8495686
1871550
868361
6096829
9845575
4176643
7456085
7047802
4682558
3259967
6891433
1146468
311037
16081789
76929
2578114
13481463
386270
345500
12840440
14061908
10244911
1660794
475036
6318426
7632099
10209997
14427
114939
1953489
13493114
6584545
6390542
25494
13649072
263875
15694
7888633
23842
2800168
251962
294068
377347
1824202
11142635
231610
228221
6080265
