7862810
388304
20702308
3423443
20568133
23633628
11306615
25748202
11520555
14453161
4276937
17907913
22543948
22568336
8704823
27401883
7698093
23384157
442119
763588
29763318
25517205
744320
9749318
13536961
7110779
23643
12730006
4593529
171087
11128245
24942307
6699637
1192995
16156472
826097
23215457
2947273
13425592
20239325
30225239
1393712
6386694
8700058
18081708
1507974
18633797
288840
727798
23346643
880183
17164686
13702177
18527497
7204371
25937019
24842414
27558677
16119664
1711470
18079709
16038301
22752127
2056300
1258664
12563176
22363868
58177
15909649
27395364
27873539
22889752
31128746
5327823
28928548
31128311
1812486
18078029
15295255
23966802
29229799
286809
9654370
22750233
12087796
11483885
18753814
122968
28286630
16091639
25296980
23305978
280021
394528
25053179
6277039
9813753
17612945
6563914
31390356
