304407
355335
25992
217627
5841513
314926
3551055
77309
733293
6518031
2286671
706477
2479923
605123
181437
1264695
62837
2812137
3282050
759511
2774428
11719
3046821
44086
17607
758400
3943998
6006391
528918
542802
60296
156814
799715
3024831
2298256
952429
265044
190572
7094635
1540437
1078076
1292638
278619
10218
129543
1115872
1118885
7489406
7693853
591497
6496833
6388007
324616
1832682
8020568
7296271
6045577
8679704
682853
1658680
5948569
3029095
7706518
2913
537736
7313711
3063898
5234145
6465864
6122372
644009
1444912
509387
1295033
2516031
9257332
558651
33690
513269
2581350
70253
11461394
10271616
6611024
508225
2848491
116223
6075924
502101
34658
12021559
3482804
257498
277578
217493
1254709
5326007
13583521
13515663
10550662
