11486830
47683
180994
212935
689010
13131
599588
183274
273790
288989
354364
394255
3689835
85574
19908
33459
271299
1637819
7671353
554772
8907451
50756
416343
112969
8794739
2388817
419349
407040
164695
764225
8345521
14990
62177
6590497
1260191
14030
218461
3534214
6357915
10917483
181257
7936594
734636
3713102
8877637
1158706
334517
845074
9726620
10329470
3587999
320357
285064
272859
359790
17282769
709835
11968173
439840
8522
10808276
2799279
1123586
10843755
371997
8889142
1078274
7685228
348660
13377711
10405649
1557358
10908459
8225326
16051395
1491184
14292144
302874
673941
15400107
22922929
7507905
32977
80493
473846
5981445
16065725
2551426
20758902
2244182
18513837
18899589
18744608
1566705
10038674
183033
17349238
939374
18169018
9238385
