15730101
14461892
15811568
104737
102920
873472
9595
46182
91289
53764
13489518
15781600
55398
12351649
187569
25507925
29776
17461
238360
385742
38503
128461
88335
126583
409
608287
587887
45181
3454252
207034
5933646
889418
3331756
12891107
6428887
17283570
23573418
32312418
2528
6056519
64401
9632002
10058
7970021
7715664
94578
22842304
18180495
35458
7993
73100
6744949
4712458
5206937
16120760
20705702
23299512
1373315
52783
103815
16001443
2791536
18735913
13154150
11424443
526764
792938
789497
182381
11309018
1008231
7329
10778410
66695
7825557
12820793
54120
6240758
6382879
11563
17155039
53970
147243
9650
9266793
158141
15810499
18879761
19542841
34072
34499
3289281
80458
6604887
127451
26200563
51061
7124095
22416
15733738
