12935
65840
6655491
762134
100476
844422
7933894
1029194
810881
758654
8564644
2066753
6398634
9578482
9475932
14288932
7454987
12760903
234560
10455614
10072160
599090
17695243
17948607
23572347
26200610
33299436
35295478
2961799
653396
13143
69392
6345760
8140709
9766078
11330361
15733160
12474623
30935
468657
7640543
21569585
20445451
21902777
22325661
15735683
390966
22892113
21795840
23341894
22749539
13586707
33395563
35183676
665
3423435
290039
252981
7171748
543103
6621972
67948
839356
12995
95784
152403
9791906
68041
17801272
9329354
55229
18138948
1038645
19332307
22023804
3310284
46438
20737639
16066586
22501055
23460961
319286
26198109
865293
2913377
24453082
46906
59598
198332
124914
7907
153007
2029495
268917
3790931
5312124
2605280
7785194
1022866
22898
