12846805
18715719
6333828
9866666
7775665
20508125
12585217
12364550
9486602
1633567
6727763
16047983
18177055
9626525
39302
59326
119079
8396505
404776
528530
25861945
849993
11850771
16059652
20419910
52139
157088
66691
18332177
1456450
6665903
21899213
7661056
22674226
20774127
13536590
1580474
239918
192378
228211
18296022
1140838
2146659
697564
18807019
6485092
150851
18779598
510030
75831
93808
17316196
2046418
445155
22619016
21522119
887980
3062241
11999933
648194
24563061
13479780
5944861
2208076
4107909
5607754
25578311
3286671
6652282
23492692
19007315
6430718
1720440
18300289
22675238
22656
23587446
22848621
22001278
151740
26240132
17675042
15719929
7531018
23790008
194616
25378746
255928
155589
5328
21845461
2411828
25366656
3902414
31343781
18775614
11367785
9356108
19370974
17337544
