22460295
18040223
886229
24486597
6193902
15780328
8390428
17984095
263083
2668104
84843
2554878
377283
9625753
17331409
617510
485815
6444428
24388578
17620176
17119855
25066129
16112942
13593960
6467115
379013
40081
1058054
28677650
11451892
25374836
243340
29221377
957057
25734310
13498913
263971
316113
19170018
18554923
24611866
2220938
604117
33297806
19208103
23398806
3886354
28501491
843604
29996159
253305
35807504
38714144
12277322
933188
51539
21843
299361
104212
548739
561401
780823
317697
6713808
668637
750130
5118462
31476
12210
183657
672615
217637
33460
1180618
6611677
8732281
16193
1450671
850385
3073173
2036659
830205
143312
13196
62174
1295023
7793671
114726
9669007
13135819
8571916
7284508
8705693
888787
775405
6295913
1334146
11138230
285498
14743275
