9578677
94072
13414389
18886
105576
17862129
12439063
161503
15975
17339590
71811
37638
12568
31335
77427
231
769729
7667
7197913
18801
11382346
130208
182185
33363
2085319
3047848
6024712
352270
187124
6303859
1157452
231183
22435
7724257
7992862
1427030
49603
8074967
779021
20617402
147848
3997399
2253484
82660
7811727
1034516
85392
29022
768777
13061500
771332
18740
197661
114144
282440
1188294
2139442
2807199
3136288
3303559
53498
501909
6725785
3412815
10324808
5355136
397862
318335
1099260
11227043
22428828
22348725
22466429
1768257
169871
1830755
295652
5179
2272641
10260
438078
12999306
13616278
6622256
15798673
68984
18170143
13939
239239
778267
31979
29
2241558
10439221
30190
25041504
372807
291440
14965
1627267
