929814
1295034
10593918
7171856
12876771
62583
7783899
1062842
773971
12504705
526548
6871358
428537
669100
610350
669647
6422668
7964129
629623
13180536
273737
9407534
1113131
9706495
4117865
170007
557389
876034
13110891
189937
1707240
3326
579039
589469
1881057
94329
1720447
390060
12799435
431386
15842280
13593528
63417
60781
1460154
40387
6059587
6266907
279394
8077664
10291046
16248795
3225472
1247307
254107
6054173
1761131
1487897
4778436
2083216
7841677
601546
327321
20758938
302022
15980677
57148
1648540
18513827
9464855
18773155
6537073
1046506
19474786
9823122
32321
81064
13568330
4457727
3797
6356180
2003934
21525975
7495594
6319898
571239
17162900
577542
21945834
18986938
13588082
23251133
12702782
1110742
921818
398064
7317323
131129
9826719
17693429
