5031805
10445208
20567969
29623917
3099780
14975
9572203
15888
1928873
3581
588138
13581990
2179276
23876
16006
8428195
3213286
77866
5201089
7933617
30273
922991
1166131
10739
25698
160251
402013
15767586
15803693
14028
65111
1052
447
10970532
61906
37668575
18166936
5292853
3103
139463
17977415
822
148465
1809465
3018539
34310
11366397
16109563
17378508
12967
34541
49006
831194
2200877
6746018
24856817
259020
30259
18632934
14758
45101
17182126
16131484
297249
12425532
545425
17143
295649
53969
164719
22284
19321
6555517
780581
2213324
2498983
22609310
13821
47990
2820533
316943
5204
368772
106
19000
452244
91478
18079804
6693332
6289283
199785
8428069
1772910
67
43892
13605727
470495
2247142
17337562
31181
