12500899
26416
16180723
15745258
287380
17562690
11381910
1824198
10347690
6987349
16161901
713076
15743461
17554307
13568261
7233473
1421843
9684201
6056287
7018619
1930592
230131
2842871
11563056
17229636
17347879
17341790
7434464
10276709
209305
105301
688133
17561347
8005599
17162950
408210
17193192
1226629
31266
74788
17826421
17733268
60311
6706912
17839844
14426203
17842746
3817433
136878
937913
17857704
64276
16217804
16172345
6351887
17865385
17342565
15841421
2205663
122648
16004018
2183274
14922048
84060
15724524
16964392
249043
173961
1170470
17911103
17879543
7689968
1422149
17926221
15954541
104946
3131270
17904298
17926698
17932804
17318869
17694149
4845427
9477896
138144
18002038
13238819
17409163
10726285
8080749
16120233
958244
4952870
9915450
12852651
882752
2413344
278952
46660
564694
