81948
3073174
475965
149505
43713
35807
1118874
11680603
5820384
11903141
8161632
362002
10863979
236056
12690450
7862725
484143
1205297
14404
960495
18999
44780
13551716
14624906
16192492
68521
11714997
866136
15734418
13605091
13517470
16246625
424760
7812107
2725
355034
12180248
17281601
12262889
78159
16290291
17493
18211118
5985016
18365529
14058995
533327
18474117
11164732
18713128
593109
526652
10182392
20613920
20773953
21915986
10385505
17335881
20943623
21863558
23209822
11156963
13606970
17408922
23280000
23285789
20492283
17913288
10086681
20500373
21955078
401454
677877
18665229
23255109
18039229
23212883
21843093
15812752
257669
26007617
6719051
17350491
22873996
1138121
25574782
24885636
17726978
7597
27263454
18190276
25065433
283870
7015554
29981261
17286849
35041669
119729
128529
181972
