27739442
9917925
1365401
12168103
46368
959433
6342335
18114068
8318303
817417
17335493
131366
16103630
18998726
7893098
1828067
28393367
16283014
93795
31546142
94767
140091
17038016
25370509
29994475
23308711
18634898
22571731
9738169
6543764
31678234
535116
85396
490425
552137
1102782
653297
1110713
6251052
7125082
3202205
156532
3419519
1044955
6573838
7564251
595974
350869
18913
10837494
62584
651807
7326853
9872888
1222809
102461
758614
6335684
127390
1714910
1197929
13480291
2933993
84967
1202625
48796
5122453
2864612
367689
16299341
78108
335090
833228
503536
10859772
18068475
11774520
1038687
12999514
447937
154808
18909810
521198
10683062
10121214
1232485
14058766
13003058
820579
13350061
22543
3526951
17187692
137717
114597
17234659
6352702
9248247
16103650
22816793
