7767952
5864671
186915
24909
155421
11815016
13273621
882212
22417
7767483
6436330
84370
1825349
2903595
6814059
13797103
1497703
15823588
10194628
13023039
13603460
9693038
15838162
2930735
12736986
2640758
9169331
15810832
30475
782026
2360997
2376083
61182
13446566
6348294
2791515
2732513
142464
3241623
9303291
6241577
2472516
179892
130900
17185540
216132
2372440
6354594
8262306
11926607
8814728
632919
2430503
6689707
6561478
12598613
9635439
16120543
111012
6928310
3287393
109785
1067940
9570475
12107927
28289
6644040
53983
48764
17856655
18394624
17741761
450573
625555
429026
6296169
540047
15765674
1520411
17977479
3977238
190372
13086236
7242077
37377
200913
20758697
3832016
11968723
1103543
17284737
15764886
137808
704609
189335
1212830
18295753
343265
1023328
16933137
