9799572
92417
15808767
21411902
87346
712807
121809
300226
42953
185748
41967
9644151
522534
11806716
23454
10065
10421530
43150
561403
1651313
9065265
8768472
18278129
278958
17616698
5628753
3009435
3309615
38379
30186
174216
7415016
18600
10866233
15757366
18799
298464
17838490
13259307
228066
44930
202948
58092
2169506
5345
19083
16136959
10308452
410009
16299256
21719
11447921
2187722
99702
289747
6538
15828714
413496
18367581
22855494
23262621
87580
210783
8715032
15746
342445
7906105
171102
330947
31304
28703
10757771
12371862
13083239
16070521
19486421
17661831
367158
23279538
77699
144629
14318
403098
4264
43980
1250316
4067103
77239
17334079
17877
7054123
1844941
783127
2273246
239592
41757
787660
235773
671724
543339
