269322
8564935
53639
51799
3579
162085
68811
37190
60792
12658
13651
7778981
13103
13584236
17343
12948
45162
20639274
3698
153008
568645
991197
28195
10215349
7842288
7445
11808950
53413
4965
3393124
30201299
3711
35220
46677
11594257
39058
216363
25354
42933
5472
31173
530965
130580
10603
8705784
50
6408862
46114
17340050
28877
3228917
15842441
14662
270805
56034
567678
38619
16634
11250317
2321296
2794
493456
107291
7849341
7824322
34897
17402605
58027
2325825
538845
34053
337113
32829
32499
18243700
1895792
30659
1412138
249
4070493
5152478
42603
68210
693208
76334
175675
28260587
479309
1158967
77392
261122
11573
1162022
6339989
13530588
18045891
147865
944073
5267365
203220
