22567184
10267807
25909975
28280863
37807907
119837
148780
55304
239796
13760
2586771
2319645
267869
1419406
31342
194003
11430
8532
5098020
573326
568094
33613
908971
76826
6389874
7554826
116378
5955666
3650089
6740756
7770554
46723
6620479
28867
377592
6370307
115805
954303
6940291
2164409
4580
19490
8789318
9724798
13486553
14504
972877
105548
359816
16277248
15732761
127975
7178991
210201
666601
11547875
17664310
16170625
1319
17262203
12081652
11019938
10105459
7864312
2729221
17149088
17570797
212622
16207939
563309
67397
17673307
924499
16071748
280716
17936925
8809
18809484
685606
3923073
17560541
13645645
11022222
132025
31179729
26889576
23355220
7677
15858
1881973
65030
144758
5957923
11428
340819
568568
614558
568104
1129283
470068
