18601162
16248078
30739258
25639996
13253102
18655405
31122906
13002545
12360447
2047603
21029898
23411534
1070604
1499163
390302
272246
52876
161544
43371
393831
1013210
6966230
6395945
790967
817168
84073
111027
232567
228117
44781
266934
1328362
98783
3492020
350870
8539798
6436659
6644945
808853
289232
12640578
32527
8349343
30893
108277
1700436
2145843
84968
278701
17268741
72543
10394508
11221313
186776
15765529
8174363
3004197
20336320
20346544
4676555
21118275
18365774
603607
3257736
18764195
17226501
12986800
825830
13484226
2936415
17462021
341946
17286714
13649812
419356
18948711
11008145
20907927
7352220
25439787
12669885
21901021
18732873
1547379
1311590
77368
7884756
14759812
12814626
197134
17559899
229067
4006926
101715
13332441
26174821
22022939
18172068
8088201
30235483
