1194366
7863274
9452244
20986629
783505
2363958
542414
13139100
17937147
23295358
161656
64207
30337
57485
2550219
5215879
82888
4922079
1611656
72286
7519231
16004807
10079321
14165516
19080006
22910900
2294528
625605
28351
41716
6135237
11449
87280
17801
1609224
76865
233711
773038
304123
627204
80410
3181953
7150174
13452375
262151
3307144
7327100
824062
588242
6202556
10357792
1317181
4066312
18752959
23246694
18812405
91201
7387900
6433752
17830325
16158542
17905709
18339662
7987
16055
1044355
7381647
78728
25019
15232939
3112850
26494241
302998
6338619
23220
6580510
61880
13812
22912730
25905
299215
77364
59952
35100
11451865
16091522
10836728
19346451
18693716
17950614
25764475
25930928
924194
52635
173233
5971165
7248435
16036975
8579933
8442457
