15771758
17372058
173693
14539758
18215086
22911046
18853321
9635098
15774706
24914158
7046510
11243810
22168240
20650282
603778
4096668
603397
39872
15825603
18110052
10279729
55028
55021
23278051
21936742
7187861
23381007
122904
692914
4519
18343353
24846604
9939629
9755694
13073578
2123654
82882
5350716
22752578
24542075
6917482
18231606
16100328
17185496
1035575
4129035
1786160
6519311
15818260
569430
25168622
23399010
18666006
21003754
2447
17368237
17333872
23602562
23163869
17214743
7340017
22838232
644197
1308361
77505
7097697
13565469
851702
18323404
24724632
984561
7667424
6773539
12010445
26661592
18668476
22543699
26176572
24612058
3101481
12996790
74773
10763598
949899
7889401
13252205
25086479
18007326
18659415
20657495
13547528
21050184
61463
372385
9769242
816443
118040
27869730
546114
12012
