11500827
28511860
23492533
1301456
2955
1056308
21853708
408856
6783427
3268452
25007713
15770865
24887441
16099180
21981841
25069081
12274880
11365802
32310231
3164044
28798182
20494122
741624
18501670
23866547
23492504
30078416
31209551
7027942
2049763
28953922
18655998
24939286
17205633
455525
7620565
29810275
34692909
175253
2045533
437148
22936744
24131400
22071467
35122753
7602
25828477
38300
28958920
7143113
3629971
35400826
34069278
468004
19264268
1616596
23150727
22668729
32319187
31162943
16079664
20665268
351732
13491269
13354244
35648512
15704486
26198419
24557830
25467816
34838876
9891342
28804542
636383
8715124
8119966
5602488
35527400
32903079
293427
2643388
10036485
33358438
7958727
21822422
23943983
9623447
9151812
18298132
2510783
32488960
9190421
8239387
5710584
1222741
31817749
1132643
24310994
12264607
571932
