20256594
1235705
1910155
394365
950704
10836641
33810033
23128387
33949113
13509154
20454635
16241144
25068597
15753060
24093806
7457379
23168653
1012313
22616554
1830986
34946772
12855335
3479967
17884045
100480
36097796
13456414
25387717
7787549
4660
25664525
29505917
6142046
13578987
35449431
75526
21805845
1546934
33335
10593913
13644180
33291968
34076952
15785556
9507278
16071767
36544372
26053772
24499258
12322
1087173
595397
202681
160943
936880
1396684
3039723
5005581
120218
105490
259789
6480523
817548
875109
368089
1437831
1263626
160892
131338
1153200
217576
4532622
2741017
94803
82821
175176
402057
2467557
3005076
292367
1525161
614884
837433
619891
6089835
389526
340108
12451
98799
5713780
259866
1258620
134203
25637
60284
363312
852721
95619
1799453
793297
