20698530
4708
18593175
16134551
12954620
26135825
17231
7135858
30242
22557520
18966819
38739
37668560
6606305
272895
25365
14061955
12873
219919
6164358
1108124
18053060
8650
85386
13519397
815527
7194
113205
84133
68488
472626
18774964
497199
93269
12187
438492
37034
3684856
3389671
3475268
15704307
163716
4703581
762806
41821
1358844
295305
62111
77276
12576579
155712
13569581
17683
7039218
95602
8680278
13580951
17977
5899779
20880952
65113
2836109
248483
816720
23228
65118
77287
5510384
3238153
13138635
9742
12007
7558747
10
46654
108077
43070
258392
1722717
112
3562
65110
1814843
10929432
49011
24766
17333880
16034964
16081961
69091
596304
275
9579634
11366
23769683
11574
8434205
9814682
944076
85301
