3368983
2186848
6483211
2798094
7108001
10964693
150739
8109130
9591398
32370
300225
73095
11112619
13062645
11331421
143727
179033
95621
446
18341046
7128341
94486
293101
162332
97961
6748
128066
851393
38315
12900174
82434
712731
478951
187753
6080889
10108463
4345290
19548967
11229
45791
317282
1148721
43887
7983
10841167
8239301
9418
29363501
5015
15704001
22695
968868
4836308
268187
2133827
218431
5266667
896625
17332310
304
74731
18869967
13662
22842297
106393
16054811
129619
287861
816440
10617
162089
299869
2501455
9917945
112754
6427
416580
7931881
867247
12043770
19161852
32978448
6422
18580
360455
994156
30335
13083
24767
71458
237320
17234658
25807
17237477
6660747
23966
22839894
5171
396266
17780
