6566667
14760308
7255730
6978827
35520
2193198
12221730
9784940
18298537
539063
18693054
21855601
7024128
12884028
20426122
17415348
18039025
438468
11235687
21298206
2617033
18005863
2288293
10261812
20311827
743812
17155528
13493462
23174504
22723660
16153261
6261738
876138
2421744
22572256
13528488
16038875
22953341
1606194
15730577
23353499
1900124
509985
17335908
18080387
5371
9018028
140771
11156809
8301946
814106
17563580
10875239
15742058
21465145
129147
18386010
20983026
7993902
2534123
16050680
21780917
17338293
230037
20886320
20746980
1056079
23599962
849080
23500406
18586066
17621449
1422609
13543005
20318779
23348685
18735029
18892218
20784908
16170424
7683523
10368067
17734852
18587890
514855
121646
17700450
18045490
18050082
18711886
593010
13562284
15737459
6297
18159504
21945638
6295267
20492604
16044752
420743
