863963
790381
6657074
13532214
9485066
22179011
12558928
867248
7897179
14769258
4590678
21845490
13547387
20860663
196741
17432572
12337186
15739726
17846767
2658996
22859484
11845873
3855649
16096873
12990129
20693298
13601427
6710247
20605813
18738884
670339
6216376
6988014
22858364
20022
18165974
19025351
2090345
12913718
23570856
18206288
1717269
232035
14427654
6662971
17166271
622156
2432074
17791477
79552
23388639
2067510
15157488
16300
18369006
15703505
23004152
20736337
20337758
55020
867099
18804202
6596080
101942
704178
13581917
351064
5968676
18467196
3496266
4020601
20612037
13583371
20823057
18465804
21056418
1954947
10920371
18709807
11387458
23312637
547281
160882
19192630
25914022
12971630
2960686
879879
18114205
18145096
8421720
17669229
251907
27246345
17645
3652457
3680885
9897884
676362
17165924
