24040192
29336868
25454056
10129136
17619566
13965305
1000096
12516723
7802913
8433503
422134
231622
13015016
28271813
6276644
28277894
18817191
782519
21539258
572672
22826340
381209
28937535
13368774
25667118
29098889
29238350
12088655
13450398
23129923
20662202
25474267
7929931
27979186
29557344
15725375
10135719
28452008
12969013
25489444
18488433
72872
21865508
17379161
27039478
29744910
1961075
22917699
15704161
22396330
18102827
11328077
23473570
27860996
27274908
27254002
29771209
886955
37984
6324742
28817400
159666
7297624
13484896
1918433
26827865
18634859
25818259
29631923
6423185
23471612
6665847
6428189
28282323
28417004
15956695
23434061
29974583
30010662
27130571
12970777
26861818
29896548
7936425
17252615
29481552
23203744
22535214
64710
186924
22537700
4504047
17348327
8582039
29206290
29056622
29967154
24001
20640467
96290
