4683304
492461
2255270
4951846
407493
341553
802705
5599045
426675
900668
12293263
1146742
9245360
8348904
23183
2999282
5989424
11328754
3484728
75506
5640796
3275
259065
11501131
151697
2311354
5364206
11605486
1020689
463688
1453138
7907267
6387180
71845
184815
7600897
7775631
1061962
8507619
7934326
233920
298461
172791
10118917
105742
688097
52670
8626964
6895017
3249855
245056
2020935
355715
10442127
49614
5985254
11343466
10532477
11155935
12305237
6091142
9647896
1913655
891922
10627280
40787
110394
2225238
10322007
9415966
1462020
1038853
13414407
9326
209881
11483373
2154982
3224911
123578
9764206
1285706
11328946
106129
7204415
13540524
180748
151313
13553789
13549707
10420416
10262157
8544261
1070551
332348
7663506
11724850
13556706
1169937
1178134
47305
