23569787
822993
75786
26836910
20926065
329866
6399928
35145573
22022890
1223288
67326
443765
12540
870821
122771
669305
1847329
499150
9298
142108
1413887
6348889
339443
145391
7526
248533
15450
2283433
28920
6855506
33820
3485562
6366110
454950
3280113
7134202
85861
47905
461627
9872091
42547
61901
9790396
821964
962955
71864
1013883
143511
723558
12407853
12143472
13562547
13027304
15916
8680417
906024
263466
79550
25673
10673576
560089
380887
179142
10680329
3282557
4732517
60756
102575
2332154
11797365
13664
10335318
15307498
12723460
146128
106124
11700333
7669259
32586
62805
21717
7343071
8563829
12388631
13324895
15762657
1369831
16035
18422
163265
2414750
20653878
3173438
22084848
18144009
11175115
18068693
22555753
2331954
13062488
