71565
1758441
427282
3676719
1086194
1358247
651901
604918
806189
1518841
630656
78676
875111
1621217
181601
12811
302431
110996
594202
54364
573009
4526591
167403
1200159
511115
93814
14084
6349902
403124
2198734
3855788
800379
181431
104507
1827646
5888849
244474
109788
2449962
3219634
258340
1326782
749194
60299
156812
47601
676555
843109
3425252
547573
265030
251991
79548
130081
515394
574192
9464680
329888
968296
2113443
3209492
284352
1296938
114148
5790229
1631622
7553931
799150
7761369
563787
1034981
394729
100359
8080740
7631064
1526804
10012188
6494601
8182700
2496478
593045
1605398
8114015
8887365
5948578
170808
496910
6012533
141371
1597669
99691
10860071
217625
52528
13061
330306
949511
818352
207888
951179
