99738
12578305
6347824
17289560
18168007
6201
823810
67864
3046106
23566782
23955580
716132
126587
75479
23527476
6620599
7882217
12974372
924848
27917977
18244970
15868
86160
20342617
30030950
24644814
25614898
25242224
33214382
36497896
1691271
408
9533
71683
88076
942336
15435
72856
72848
129783
38673
123656
2136
3686
131525
183087
33737
74720
358355
214091
6914139
529126
6150360
428287
349473
6816890
2214574
2041545
2896122
99486
8136645
3039305
3400816
6419010
436609
4887
456057
25017
1270615
11337189
398978
793003
2530347
3660324
13549869
12987192
8478549
217008
13345975
13545345
13518793
62772
9487114
12236872
181494
6452663
17230965
17671114
88009
7864220
7737900
18400770
17162780
70277
14062069
5988117
17336072
18518381
17727279
15777279
