13573
13580
138473
334291
627055
48200
22539
377994
170622
96472
774337
226440
61690
640777
529701
289726
11185432
168323
406911
10116927
7501962
16069262
12730051
18713658
304889
20345202
1988040
18114786
521212
18952341
9888794
4020390
186345
130288
6397405
45432
28736
855903
6238661
6076675
98810
18053087
944280
18669536
17372472
16093551
8041361
776489
213102
32957
420730
86382
277190
41700
629949
799073
286801
41689
13179990
724516
31100
213975
275505
270521
93947
864051
29806
141019
862004
65335
1215924
141565
17973653
15797715
254094
117564
138453
43799
6251482
127566
59833
6076107
234232
43717
983569
6933138
7116365
644949
47622
10438328
180630
78130
607559
164539
1015549
977817
158725
625827
366337
106489
