22388574
20256612
10842675
16068457
9454172
18049032
27833791
16248619
24732
891835
15980913
17304052
3281
11103404
20426782
28585469
1153921
26109391
738175
1954271
222211
10133391
45143
6361583
11798119
13117292
17365138
27474810
12555217
17909277
16060904
8372562
29393876
33299932
7830166
17320133
18196876
6482590
7444499
29564135
9476281
626686
149057
6609654
1713999
6486159
1022988
11762245
32203290
27662345
156563
17675260
1076760
1179038
957186
10579211
23093359
28400928
17901177
2380816
22062213
8665293
16248070
24885704
228194
23566382
1888
22055878
11234
490667
6378806
26152171
6334889
1091461
2251629
31957673
15560
23310161
35925360
10429903
714394
19286609
24500150
12830430
71091
16052816
291482
29378913
22130605
12692264
20424161
5967312
35506139
17614824
10650890
20821011
60662
32498544
389547
15724975
