22027
61959
10896701
15800934
13108085
500503
8419429
12325796
3923343
17608949
1444255
3061457
13008724
17184353
91439
12026145
13525913
706254
414306
3188302
1351174
84038
5993275
17833720
498915
639374
861991
346266
17255662
2454357
32380
362592
342999
15779366
42149
420430
6453239
428521
20758758
18782413
5913760
8542642
3085912
6934543
17465324
418524
683695
17607848
84547
19628506
1454108
13104040
1738819
12840006
16008876
16156357
16248196
920841
9656838
10954704
682931
19863164
10122481
6941225
17616840
106554
18831359
19181
16089096
9663018
96509
439980
23574679
963122
45911
17901769
23109735
6332968
13588959
18153436
805425
925
761700
3313418
16152314
498082
819524
6305573
5996555
20454205
6973518
21087859
9283790
9673193
8741
882203
785481
22908657
17858077
22463707
