14488058
21920672
7735222
18187833
13415801
6657482
11277076
18301739
25978748
24742504
871634
213885
21551545
5875579
18295858
313110
18667753
2192348
16095215
6034422
930014
16103256
16283340
25778909
340816
7688040
21467844
2325248
13529557
26059690
26159625
18462287
6250071
25444213
22521314
1830571
6354310
20509356
24483322
13648940
2326730
24645767
17828679
18523711
3296447
7840834
17887117
3702423
685172
11528333
22571365
22798869
10768069
20336347
13094197
27282801
93485
13615001
13409500
22910973
12543045
733730
20601638
520632
1345111
23361313
17898957
1854569
83408
18909069
2392841
17920313
2419417
18723082
4530
241011
367638
13010376
25731237
9349449
3984393
125984
3392668
735183
6729300
24987649
27225750
25129233
6774007
15771305
1878026
26040385
22071915
25399706
8856411
12063210
77378
21853633
17740096
6670783
