18003484
296908
8935302
1033198
13402202
894048
6476153
9861455
27847598
1578586
2099147
5989602
17341550
1471786
13552725
16564
15793740
6532891
694226
20690722
23128187
10431144
105373
28412980
24570442
3280430
2287223
17874266
118690
6401660
125615
23254701
25945080
871766
22028061
23374189
18005673
23201208
6383800
18308767
17789080
15765590
22908802
25330868
11253505
19904043
28646882
38647
25344650
22522167
5505135
23867347
20257447
8267073
8257329
18038911
13576236
2643052
18039803
22031920
71632
25394438
24614705
11214027
1028853
26259274
18772784
19284270
3789846
9919277
23315843
7559
13086379
28097256
24944824
2705212
25677944
20818650
9319468
29327525
18527475
9783312
8718334
20261886
2265260
18041068
905736
11405802
12358349
26815400
957655
527786
8680025
25886430
17311008
18487807
6080870
20495415
17342750
2553575
