29780
55227
220068
424616
161805
20942
2004115
599499
83324
2804
573003
1777804
249792
199795
5768424
128280
176967
181423
818602
6384247
2761829
556084
1062356
2166349
3474898
1442574
295031
271298
6457675
2398197
97078
563785
307212
367335
9808500
1207054
333947
775971
42056
3119451
226791
10852699
229116
2750285
7865122
212332
9280202
350682
8428056
1375114
12626444
7025
1966801
306640
2762880
239751
12396699
293136
479572
3058331
788515
259265
343347
40312
3067
104191
2608296
9182654
22703
1915477
1017308
76525
155258
10457
974724
3385591
227570
7182862
12139991
32271
87986
293313
93732
4714126
933087
334258
901931
566082
6570928
9267722
15812811
311742
382743
14289645
774289
8343766
13411699
267334
1637220
10813139
