26030383
25532845
993455
95658
45244
85431
420966
1301153
77829
10596
1999660
94798
4499669
396329
6402364
3134981
8357992
13537830
4954833
12077553
268275
15797938
11741055
4983
82895
512662
13499154
33549
23943137
14578407
144870
3949125
23662114
66632
987587
14362
95659
149302
19486
365672
252
10990
6547563
687215
484192
1242729
1096390
613994
457557
487666
7821892
264946
2754526
503150
12927216
12924275
8747626
733111
1832623
540422
18061
830367
1217728
92755
13282015
16148137
2927732
15716154
376514
455941
17054826
427354
20349441
25686927
12885533
23347055
36106288
119247
148905
228990
7048800
2445116
373915
118316
6662883
6578830
12900491
12432229
9424367
5978004
6594826
13547454
7039746
18883437
5396496
17344385
11750648
1466455
17926775
25564446
