9373606
28588468
18626111
845016
26835057
18715849
7112577
33628576
44185
313029
19449250
24820291
10677560
33396914
239665
6525532
1801487
23466036
836640
6468812
27817191
26074213
26228034
32800812
11533410
27407241
6006715
31435704
268576
51784
12727837
23597888
111285
3003
8158951
84134
10374910
32312162
31860866
13622069
95525
6236733
6694
8034945
10332146
27005604
98897
15758076
1844874
401912
7822045
697446
28477789
16071656
246422
463355
32327701
18812972
826379
12841070
28545861
974742
28258282
31702803
248682
14935061
12033364
33506827
13599681
33809003
10498695
28532438
33854460
25394458
30243618
25674658
832605
715246
20319521
33290690
1319778
34038977
10291890
11748550
17666976
25889923
262308
20578927
11081088
23488367
18687632
30191641
18815488
17457304
22461198
422463
33124137
23810785
26228293
23743718
