14059726
611057
590744
4495772
13500070
101571
9232932
21416728
20412983
90994
13261413
239810
5956378
17189948
3506974
10822395
12602377
22706350
3321252
971277
5980364
18009797
1853774
13604637
855727
6377233
14785641
8293863
18798988
21965351
12552460
13546981
7492119
17934399
6806633
11709423
17169024
20548917
1002922
15754545
18459190
1520869
18957266
7380399
17558048
21472139
2861035
23127129
22587069
20023
8683
3079543
10631307
20511904
54594
20798954
7851203
22405578
16034400
21000538
18140842
15793074
9697206
10483499
17787759
9253236
22913073
20706651
1657392
18659365
6467360
3429863
15248989
15801762
7575266
21239135
20033068
1375896
1711689
20661893
17899647
11494606
12738796
23854995
17316770
22914687
18338935
15710557
6069156
17246383
17984867
32987
22844784
9977836
5704478
8585118
12640991
21882146
1856004
16156006
