24931522
21853667
119822
26114149
30839185
2416298
28238538
9566025
29496208
29580303
1493463
23247997
34094274
20754215
27220730
33983594
25790952
23714109
34496453
27881732
26515999
32492969
228202
643992
4131901
20442293
15787647
979573
22058540
33727826
23987897
32452118
26528769
30464437
15845426
19167803
32852209
590563
379107
20423212
28101540
28074546
16080097
34349035
18339835
30639084
329519
13197222
25258507
175993
34536232
6441185
15836516
24795872
334537
847997
34473277
13583974
722086
6434567
29898177
23598458
223313
23232570
400299
16057525
20980648
1421121
6344629
144989
21085730
550996
20696022
21235132
34207784
2794815
23502345
24478401
32294951
7720075
23257157
30347641
15824406
989097
841404
2287468
34751153
27235747
18810983
868820
29938403
7096916
1265524
860532
31194576
29810293
20821159
838625
30652105
6283604
