25899336
625094
8709528
6092250
23305614
92967
9297774
330244
99664
363752
920607
10034
57727
32283133
150037
16788
14570
6319978
34501
16703
7005865
4701550
336245
61264
67513
29581
7821447
823411
5960325
11250053
14185
8155
17348308
17565845
761732
9279177
13183957
898885
25403
5197
9376345
20363899
18246727
2866413
17235026
3342764
83017
1833852
4008
15852756
1914973
46945
107664
22843341
8519822
11734
9439989
85448
125963
13829
11479285
201341
1842
3697927
10790290
4769247
13891
953260
2315892
358846
11390271
12279098
17904495
20578084
87665
30039791
434903
18288
13222282
11227041
84144
385228
2678349
13833
13574417
13454149
6407514
9590
35260723
9436632
12614410
201114
35517449
7726143
11447962
254316
7896345
12868761
12600138
3467
