270340
11890811
16085488
9794577
16281720
21403405
12220082
1614290
17199775
119013
20360471
18012909
1085376
15981709
21948425
22027240
6921303
9369881
22151316
857705
5956547
6043762
18651980
830382
4099
846201
15817912
15700405
17334266
18623290
5606499
14289261
22092528
9791910
2270400
20597658
8288779
6922718
9661208
17887021
4228673
19500522
22057549
389707
10626634
22555388
15812170
17834112
8997745
6476887
298739
20767943
25856
22477
186337
7071785
12679402
22963656
13074999
20559695
845331
254659
17185682
13586756
1417705
6398450
22416496
8074831
190054
2320230
9846485
22930159
17985066
21406652
16048280
13642704
11367737
13624584
6477793
133018
17693021
309205
28294
16074568
18805911
1677880
10085898
7787487
877598
17832046
20806202
16108212
12972637
15748217
19777989
7202372
886620
12160933
23569037
10021764
