850215
2801573
816926
277
13087982
7277377
1429666
1062902
4062214
6698401
17349002
12970296
1797221
239795
21921929
27204449
13221769
26721257
474788
15703378
27213121
32997808
17280346
61992
20326998
32106
30062690
29938856
7968453
293459
10955240
3544225
25412157
297194
25697713
2155167
17927630
32182929
18651945
389115
1189074
6839020
24689235
2671
88332
149059
442957
289645
1850856
822814
944291
567001
229132
34942
73704
8487974
472392
8042847
121406
5131
52108
11527373
8220474
2981154
1835647
10909804
1032832
215536
1227457
92958
89694
1345915
11306942
273986
536350
2972837
6870776
431968
24019
999257
94577
16251278
18753
9739421
861957
255263
396422
1557370
178159
12823990
2012689
18491258
16100368
12997592
10573014
12951123
9531952
505244
196927
18241159
