385
32027656
30008702
10598752
592102
6358446
33828711
13561395
2069500
25663606
13572249
34738802
89190
22034582
6468870
17981478
10871782
26878525
12988106
1203668
3312332
22010102
20150777
144073
14623833
9660639
16126837
1697732
25098405
33128934
17370618
5189965
19283880
28363987
35873899
25792894
22855256
20763060
6345536
13396557
29571151
435214
29594616
45492
35894727
474072
397884
34220606
6049585
28233082
35840447
16010894
29483100
18470014
245344
38606901
36461680
15096204
14739808
17210471
29242989
37971720
28233096
30116108
13140952
33897359
316031
3311
1426794
233330
14095
68086
234888
203310
462883
91517
140422
85795
348623
460069
82765
221682
503019
966757
1036345
1304028
115468
81010
948212
128277
96267
864778
3735283
153198
5975921
280
69981
483057
263991
874787
