148513
1442992
7926
158457
282447
202454
1254023
173572
11929939
64960
129524
2248164
376957
6381477
288771
284524
2938387
7968033
126878
7101484
676905
403768
97753
32218
511993
60113
947020
887184
17666088
279665
12474
557184
6056474
29617
2900
1097229
2639864
18493708
7077877
9788080
132913
18631103
586139
233674
17829483
663661
18689657
9923274
337766
6608047
6324382
18897329
1071712
85312
6150364
1038686
23551138
13432102
20661307
430456
921785
23173254
101014
17164401
23897498
10331108
18528615
12934115
6037287
116249
23264870
829313
22920732
2294388
11627660
921533
23609445
2538992
20420083
27231099
359620
7187788
2281220
11128892
6423124
377894
18033
25739181
13390528
32180906
28230461
22431249
15756420
24736917
140089
1079378
13807174
24500353
370798
1912028
