8388983
131060
7574750
13235689
13170316
22124901
22609434
764360
10644585
25124559
1742699
18898806
18465566
3006702
11102353
8894714
23213844
20601872
23378781
24864614
17183049
23286130
12946981
4485
47952
15703297
13052352
18746504
13436969
18042658
25693031
3425041
25636797
19391096
25560247
300118
475166
9310626
16152988
2814603
9336775
3495914
21420475
16252384
6931344
6619072
15737115
25154365
2282267
1840480
13167818
124248
22341258
25770899
9020325
24664657
12790634
21422053
1397889
498664
12017726
126780
20809397
13931214
25517477
18273875
6657343
22405779
404857
23453795
9283551
18924775
13420993
5947
18680897
2726437
59196
23261012
21796750
988783
16107148
9174818
18527499
9764
17412093
8260221
18754663
359273
18488996
17617913
9842869
17726229
2554680
31493
17279452
3483199
17860848
12436013
24700453
25665333
