7731910
1382538
17452343
1778693
20758602
2248060
89356
85222
12722468
504118
20653500
18528872
8303108
6082564
18849550
18129111
15835685
19642065
2474047
10775602
11809722
10377742
2680051
1397538
90136
4583614
57096
16099844
12841
17907518
1001911
11955678
8460524
107029
10383597
18374015
28482
33530
17288674
397874
1506342
3739051
18242782
813447
6710927
16134839
13458758
3482789
17898228
22460646
18138917
11060837
18168183
17265216
18247580
359249
9514605
1062988
16101515
15082835
36373
16177185
20488175
743600
17234151
20821163
17239167
260482
6414515
21343446
989055
7736086
552702
18697903
848780
4608571
22600962
17239876
7231086
20531847
4834391
12579262
762727
23359127
18626680
13721291
13706792
7933002
19063472
3143472
24515
2172538
570132
18041979
28093
18857004
18050794
23275875
17162435
21778923
