6250529
23365873
17333781
30370
22672833
4199710
8665113
8472655
25527157
17201349
17192054
6649318
429631
61962
22206699
21504426
732140
7703038
6748269
17882869
16073050
1303863
44239
269362
2205950
70388
25495421
26827389
6202594
13360782
15841766
28501233
27419797
955407
29472282
16155617
509957
17352909
11310465
8388793
23255563
26148369
1703606
1844200
6569735
207026
24820396
552987
526391
15519
625135
26251365
26183623
18135913
22753505
84943
22571253
20909906
13537099
10602516
227614
18215175
18689598
26173309
18159271
440496
28088327
6252293
787458
41363
53747
228486
15135807
11112513
2984286
10396307
21835
46460
28637
13541657
23172342
445594
10900793
127757
18169279
8549456
22456248
7866080
27819475
27138578
25108299
9303985
12945263
32825168
31145989
13013434
13571741
12680390
33628192
21525703
