3507
233637
213652
5062
15980525
1886
13440
29394
17331828
224912
68483
60229
12254379
36064
92163
10959277
444304
110692
246546
6425
15813668
12649718
9419
420180
8686068
30005
126192
3399
1043521
210834
10941624
4583888
13455782
15547
364089
61958
537070
194366
113441
15818362
9417
2410506
9815702
13445306
17879512
69499
15703770
19065420
18685332
22031070
24956436
275325
4929705
8720917
25101
31818553
93728
287633
6901097
112752
76740
68531
15937108
30312891
25932
13419125
1491117
6178648
17833493
2501453
9637479
10054335
15774969
6604712
25766585
263985
139855
13623012
85867
435045
16186085
17454163
12075
105551
14745338
13495947
30245
12963457
12030849
17608096
248069
111180
96259
162086
22733616
15836
10050
3899465
216442
16100972
