16065963
3424418
24422344
23838295
22717420
28588073
31805700
11882305
32794590
882541
25575635
22926200
5949
607014
34234675
31284338
22010129
30066555
3526
12158002
33631423
15722004
1009709
11902346
17378547
1142145
24805680
22823976
6387525
18038947
14885892
36098111
8084
26190565
6472148
7142382
27827627
9434882
26072623
5660074
36195139
14623839
989584
20930206
23281902
30626556
23003273
23259316
35795918
1035124
15721624
37652976
4705307
24303811
29746614
11699539
13502092
36350024
22855253
33296129
17397913
26571344
34801089
101869
34639452
31451186
36153932
34348269
34681350
38137746
27774596
7788360
859358
30977572
835
12612942
31573378
29751398
19084391
3139705
1180468
9895917
18465834
4786570
12924297
5801406
132876
537269
5983104
38390771
33917881
28544307
12818399
25658482
7737834
332753
164783
49737
946836
50544
