801823
238140
184305
6450817
237169
900750
8895306
324987
4339326
1408029
318057
2477437
13347762
1589635
18056646
1452237
389741
17457430
369400
109656
1721221
18809943
16159320
16140838
118017
11731782
540187
10666722
838161
13596692
9439137
23128304
4645750
15791264
6452798
18480257
1099466
24228189
20663064
24235463
8163553
25722634
17237385
6310631
15725683
12402915
12903092
23198876
27066853
2299358
278237
822995
175581
693033
26062606
441495
25714645
25761892
30006187
1473416
25197835
240112
80271
1095422
18715347
6944430
27628
8243678
1123516
3392459
9314426
8642235
462389
408833
486977
7941693
9643469
7048723
6214335
1411543
7144426
284295
10066125
148821
7552716
706241
102440
12363622
366580
196337
1330814
1232353
1996122
58930
227205
169437
12634575
1089956
17872170
13590683
