29559052
19821
826585
7980
25366
5271066
10802904
118754
14367071
8343444
12391521
17404695
15793184
24836
6427759
16316
11908
8675994
16884
9238506
8389671
13489517
6728738
1629601
9265453
9634967
6323302
88442
15721638
20819682
25541028
36949926
336228
969177
6013511
5084
1007458
22207
11514260
11737268
12511877
12873027
17667561
5351
20653654
25356514
22232035
1617875
22107214
9509724
12279616
34508
114725
17022
2508164
41069
562930
10429025
11692
13510491
12708927
7720252
6392654
25002020
23961
35332
112539
293583
6449378
11942408
13107661
762390
15981894
643301
20877885
15584
18334246
12043771
22047125
12988089
14029
261971
310272
24807186
11127294
30186948
17465515
33526173
257054
238125
395922
12117
222458
805023
16298
69092
87819
1653655
21726
3437465
