1437380
174704
2213063
1619504
7080507
409583
11216783
6521646
1645897
11778281
313260
44874
12651506
10637959
1445289
498428
12394032
761126
33544
11166889
8728667
1577936
6019755
820966
8189310
2193694
8628126
14617526
3759847
1773771
2443
238943
16442
13497161
9052113
702040
526024
13010942
15995416
6367066
16058070
2066292
7359788
15721932
13423043
8870923
175038
1249377
1541856
194630
257140
327676
1873060
15850976
213548
6713108
3764135
18029
3064126
12151246
383357
6390780
137670
576729
8144079
384818
15761330
15711694
87804
7309475
7199961
13126956
10998596
316781
621461
546296
13594857
10533446
49253
257070
1284103
121013
276342
927244
118149
7826504
12413953
6358586
17032324
13509829
1082318
12074927
16138637
14741177
4583489
71299
11055130
7881882
13039
7553188
