23549715
2748046
6897011
6447415
17265217
18488805
25198931
26401035
14848855
3373625
6957226
20721930
28266537
25410471
73496
18106337
17269359
11054461
6740252
8985054
23311653
24064307
807211
73384
6766767
11047925
151848
17165926
18823
10137823
863768
15812978
21141003
9821851
133465
16074645
10029438
23398748
18804219
10340028
13264957
1228365
13511174
774027
24860071
3355365
827715
23732458
469082
20419314
20814993
13371322
12882368
46571
6609548
29773435
5941013
421861
30651396
6522849
15828602
1120655
13335038
6565942
7862152
26832734
763594
58189
20494896
24605318
17118893
17874267
815971
18690890
7075707
12819873
3056090
17728543
22032342
29894726
14289433
10813206
15718885
25480342
19083215
17673663
27995129
1424941
8437576
22550324
17337179
13784983
18604542
31541014
7133724
1430609
29358514
23256188
712636
3893586
