26242545
9113451
8181181
6895561
79421
209828
673656
7894402
23348912
4216729
861358
24987066
14664
27276226
17344809
30302056
36319529
2872246
31197065
27817603
29417585
306473
135892
432193
210817
6850757
625185
280773
118144
477272
506268
668640
42668
415639
130319
31373
31372
335015
13064
540113
128429
9439936
1421685
96284
374380
12046
1560492
22418
9449985
1426558
244169
6290336
10772961
1254022
107480
128516
15703319
821810
3273744
9475
1064084
6441539
57065
793398
2411646
1403391
6277068
35988
358129
319014
390063
17227474
12478507
191881
16070912
2380842
9641072
9268902
673158
6699969
9531577
3105495
1557356
557212
16135735
862022
450836
2864577
12758871
457930
18513769
12055680
59857
358832
13284784
13568595
6476988
14908514
93480
1643643
