200352
896623
59091
367802
176881
6443100
69882
381440
1010836
823583
3730956
7797032
1206359
61905
4419501
91247
5826288
16206913
17202452
17671483
17372039
77259
17902
28943
146422
46890
326911
321545
2871839
763774
7770715
359463
2795053
114701
18054056
1509432
17831616
19090384
909710
76234
2227371
504405
20421367
403722
114956
1246339
26101
963508
24738
7217724
26950
1433337
9680403
21362
13165142
108932
289797
8164593
18870159
1408083
2498952
26397073
101914
439363
420737
3347892
930225
280455
4371507
16117911
8109141
221059
9915707
15790883
17314410
527744
9447878
18080923
8732
74812
102117
18273521
500799
154424
823516
447884
596290
15159
744615
11841
5556466
138396
9542259
11164626
6947702
40379
7642606
9269693
96593
6334523
