21457243
14769
14250
2299685
7935687
584486
37619
12256544
147635
31507
18736925
8517008
2123617
26999
173454
461104
3417
486324
129615
6617037
328766
706
18110808
641851
11556960
330919
350540
56480
96861
1503274
215643
327847
7998
226706
2113410
7346
9471670
149572
247093
1373381
92491
41707
48974
141077
843804
836606
244813
84903
2112904
4979
96081
6751
12334377
177250
212932
6383644
7701043
6870
8913370
45793
170192
17768
2761171
7347
103086
3398625
7023
13508069
11443325
889284
170548
4934651
6150382
2381176
111220
8176759
9487892
161910
10087445
81069
7028
11468048
339218
12042088
11980440
1397743
176326
13511702
14789333
15757292
16246620
13010310
6023056
10336420
17380595
13260207
16300325
1493253
17974764
18213083
