3250806
190378
538611
271294
41697
36252
6358401
3808029
554774
9858605
9726227
2484167
850406
6576711
331688
908092
62162
7944996
8485374
10803218
1509760
1880767
12043939
6927061
888789
721012
615686
1103212
10864102
6659597
5589775
11061595
629625
114967
9663855
497396
1382939
11532049
21114
1429580
7952446
676041
359804
16130759
333985
13479573
1206073
8537
633083
17379136
17343352
6789911
12119817
845250
13020953
185229
1715779
7830113
3014384
161620
8818979
6552050
7713965
76663
332756
9415958
6781184
20758907
18373098
45026
18513832
10599328
89357
5623269
22135
13455553
18773186
18813841
958280
19383432
22681862
18144064
1478023
2828084
609160
9657910
21897920
18404980
18269958
22836510
3534447
19323360
64551
10074280
9707901
1212537
60235
22957605
23095964
20834718
