7822895
170210
307791
16056408
40496
162898
84136
5168
140075
6690798
4631
2233407
16729
310459
11918
5056084
41424
348225
20820994
12813565
29059
976
13047090
9791
732562
2666
9566
9284655
18839
16640
21671
42038
99944
7996
38180
5161066
9369720
5091
386372
10569
7076703
7488244
567795
872333
334123
44652
469571
5664985
15925
17728
544891
479415
280111
7805
13262783
773951
54479
21686
15839976
6192
22328546
30264
22205
1430
3463
3570231
31196
60400
297673
17333223
7812659
6969
8709526
111332
10222
171547
76171
47021
7494
7402393
54539
29999
8852
6567017
10979
527756
414999
2767793
12395
1295102
11762
17889664
17788401
5287473
9014
13496084
2722413
8685612
5096
24192
