12600638
17665478
13330553
2791458
18104862
15784863
17617318
10389148
9963724
773459
18040004
18308630
17368409
17878054
270658
13599966
17151915
17412272
38463
18214892
13700261
18169372
620755
17893407
1556379
18365345
13284905
111646
18179259
16160448
16158528
17206085
17472766
13518061
18384116
17379067
17892676
18192905
2340253
18388163
17665115
3418688
4366431
6948126
18394000
16033649
18401575
18456207
18207104
16137392
321459
18581480
18040616
18585201
17186034
18586619
18176624
17558773
18593354
11746475
18597356
16118715
342371
17697704
18471117
3378965
18079758
18300863
17250780
17978680
18302739
18662102
18367554
18592416
493553
18044577
809972
18213325
18686699
9302673
18325163
17999968
6751715
18634690
8343372
18683839
3865299
17938451
18169712
3187852
18661755
225947
18742394
2439915
8887183
18515789
17839432
3256553
18584291
10865022
