18006456
430388
18849971
4381973
21570074
22381203
8842970
213916
27840243
15827344
10583000
24464449
2559118
18594549
1727888
16141682
18338464
18758780
18114540
1188081
19319816
11099729
26163742
17262197
23621387
18520605
484122
15802452
25425797
6397960
29740865
20913559
23691251
3505109
15990636
10843036
29231445
1055015
21900138
6559147
581697
2711951
24281477
20090396
6375048
23344600
10379850
12588605
14999720
211888
10719485
644904
25696432
13392817
26115650
406581
23515734
6639763
23453106
16248123
11982756
17379354
16867
260337
982900
10697613
12975653
24144077
25227173
6494782
83533
18481353
15847305
6661027
98475
53535
13625043
32070489
27394330
26253474
4800274
22456292
1045984
5086417
619526
20690407
15772884
29933661
6325687
13626683
12929223
33300065
6713167
11069578
2865228
29498416
1510538
17998754
289026
33301106
