265264
16434
13502963
15513156
2890090
23058402
23330803
8964
3375878
33482
214805
93723
144790
9578590
9542
722737
10193062
7362158
10221341
10790516
13546173
9317452
114599
215758
5157
6364657
286507
443103
16130537
6202690
3007704
35511
3188580
68496
13659
29291
5598113
9464733
759517
12647642
11864728
4831
72978
269589
22895264
30224
3491072
104342
78987
22249766
45252
896621
9671126
2173611
9555
754771
361487
324205
11654
110694
8960
319644
12862611
7008041
17449197
6736971
89185
381112
31491
347610
3482579
6687
86147
2430907
19670
133784
4004
32416
1243569
7976
772888
5752
68458
1175893
11983940
17465450
13597728
72929
43324
11115457
16047244
13596166
1611988
119389
13638570
258079
470587
2531
28866
17948485
