31194923
7146457
22740195
17667009
8341860
983294
18214986
16174439
13411063
6605558
20172134
16065665
985873
34533486
9719387
8248865
12351695
689928
17711954
18626814
24849422
25989206
28218366
381555
13454311
25898599
118769
6527736
30241888
22841998
23275188
25467324
24377372
13320466
18604079
3325998
484714
28369891
25330544
16132346
17468561
23592235
30364140
15723882
17307196
18336409
32792134
12803
456972
33258604
25273619
1490470
3175530
24131307
1586764
2334800
11941009
20338585
3995975
21421192
16081717
228303
34205254
29843226
865264
27421518
4923952
12550743
77589
9585441
35287817
274619
17788470
1273773
23664672
309375
25054961
819699
34517674
13129925
9555414
25595267
30054609
33223742
21911416
4526009
18621200
1098107
73716
1641409
24557764
32467509
25560303
25430584
2008298
860471
7756396
20433566
864890
34729940
