619162
1852779
242383
6070992
1290703
1240370
981885
2338189
7150756
7106633
8456930
177766
342240
3804289
3488337
52877
4656655
19916
699678
216048
3254180
989560
32556
14688
672725
750497
121367
993839
1044141
85894
633425
253635
1297201
807609
2788968
40532
1077304
247979
8527757
8562078
3116205
947771
1989743
9537345
332402
413736
1973304
6019879
550122
3299872
108449
8225495
4468819
7904429
2077035
8525631
8537060
2145942
3970111
7791679
735365
1169051
744260
481912
210722
2331988
175504
3359941
10755183
9722219
359195
6517322
295323
6662410
1198929
463936
8705483
188271
462691
557804
10308976
263550
9572372
10490387
2604811
49250
6851258
6202108
7890058
618196
28429
2950153
1813077
1488541
5552256
10762478
264944
150549
71462
6829959
