107481
7334290
12017037
30280
13093632
206998
2327449
181428
10677213
334442
6567682
186425
1924847
164723
169002
38736
7815817
13059026
9268910
8719665
2195444
17933139
13992
861992
173890
3537854
1381691
109367
66428
12739602
243205
4542499
2296584
7717157
16156295
20860129
23013978
18746125
474111
20556876
6098820
10796721
516074
6705374
10063343
13269473
12641725
17214302
9211267
2630404
418780
7842404
18625453
3551831
12460855
25351142
11663424
1599845
12837646
3482820
24127977
13199
17465574
1138543
45882
12974717
24230493
1775887
1505932
3487420
7506776
17384524
12616899
131358
9679238
25112039
21794306
26830239
15703340
1038673
118494
24930043
13634032
1131981
8900186
24820198
311121
1241048
20448149
1309387
10955239
11718681
25513411
19371870
26030140
12595010
6819764
8484360
28954651
7910134
