720730
32053
126740
7711734
673799
2784363
127655
2138601
8276284
237449
7779757
8251057
1262418
1547620
8362166
1149607
563452
182496
8125657
8424017
2952803
7700881
6675124
104106
2873105
8503543
8506085
6540959
383875
459746
2296769
199264
81994
2888910
1022689
984563
6178470
8764765
3852838
378460
7740311
9056815
6652371
6082288
2454475
5972820
6969367
506145
863687
3260634
797298
4926564
1010400
9343373
3246541
9509456
655570
2579047
58
7995199
2132036
9567932
9560792
9563893
4885470
7381581
9551477
2147058
103796
9633873
9591276
93779
6928694
9667658
1105093
362888
275651
9363118
9717691
926733
110389
1738972
919830
741966
9692308
400634
7802287
3744599
6938271
53811
256109
812071
8070487
9941936
9732567
1008820
9733916
1142006
10041980
1274861
