2017717
277191
839793
576565
5750628
29743
862002
33570
17607319
1215919
28025
62360
296570
13592828
21094993
13536858
18813642
271244
135917
77956
773858
95141
41536
26931
85733
627686
34299
12287
71189
175671
11488396
842746
281493
30044
12623655
47625
11042027
836957
904488
146943
18053086
13262789
24761
1110968
107456
208036
24854
1087154
762763
762064
550432
34305
6354623
3477698
9085861
6281975
4885565
47642
125544
239105
1346769
6571967
850413
80570
1953153
92719
10550293
47627
686307
89358
16139641
17910124
18824493
5895503
271198
579563
103171
71552
6618
458312
613000
627688
3393648
3830
57752
140260
658499
153798
374352
4645107
508903
539904
10838776
631106
10176119
178153
51071
296567
296569
305438
