33138090
35648420
26067879
1333422
16065960
8151363
27451
77602
6784734
23546634
2415887
38667
18467818
17281513
4244856
2232057
981775
8629457
33561990
9479977
18055437
180371
23363874
7264469
12325444
35185652
7301460
22238023
17980859
32620349
20759641
36173954
17134631
29874077
5711242
34235166
33401177
9540339
3646821
23590387
10861489
26869953
12017247
30656780
2399519
1408924
23199714
6027047
27110284
9617677
27274207
17738514
1085402
977640
24396856
4886534
3452378
10445307
32712521
22591147
5995681
18159177
6698181
25541292
36205884
11316767
19433029
23860372
829083
26864835
36422929
9803995
27224887
25896387
167040
3071707
11547633
33154412
973751
36241716
32571395
185171
36632967
9269408
16351
34208078
7557392
7767021
34816373
7131
3833
607773
27118640
647492
151080
13482202
10158552
16691284
36593571
2179117
