8366788
17561160
9867149
64359
716523
7936123
133729
984133
16106760
252460
1004096
17841297
6345452
8578795
707633
3074889
10116463
1512465
2887157
84078
6488284
17911079
4687007
15954540
590342
8569170
2667281
100213
17789633
10638
17926865
17185511
6562799
743357
13539142
3002310
7906466
13531845
15726423
947362
12162809
3373276
2811
15801485
6828896
296201
18039261
2587444
397370
1602815
77730
11717826
11923853
10344732
13557166
6386363
11156028
13507512
15769463
6376695
740454
2332145
2714607
75639
18006867
15827442
1036717
2714797
9597831
6759138
6308347
17857684
17913073
4675719
17280880
7733054
6760388
17257484
10372556
69516
16248148
9412869
7712782
12716423
1139129
10389150
6908579
5322135
15085368
15744853
13562901
3211176
144127
12849258
3573476
3375131
11353976
24671
17332435
6077869
