742811
7869294
4469001
276288
7939025
6930002
104700
6201757
10717284
459744
5948912
6979656
8017501
6512108
511152
6506701
9608954
10812824
1655668
415819
73810
303580
1469982
58069
2931286
809515
205662
6658679
3115950
8508126
9704165
774726
7119358
2101630
6691862
8379305
8017244
830122
437261
859315
7907274
39799
6666394
9134721
6829960
722292
363397
5151434
1977849
11217236
143878
8038053
10176320
1563635
6109109
4035164
6465697
11719570
92161
10841866
30919
135448
288957
488029
551932
2360064
7721416
267745
20105391
9895334
1258572
9466892
392583
443327
417007
310740
1340021
482889
667969
298463
9923510
6728378
103867
3134656
6996
7843637
159444
9797075
11167915
5296227
3100159
7435535
303311
801878
882885
256470
13298684
6313970
142573
13106674
