439566
122914
948528
13922
188230
557211
7719248
10740844
35354
82397
57043
331711
438452
13109352
75162
6070790
9548029
152052
4472148
19307
17829764
17672770
17163514
3015764
7203997
89364
309434
15852479
22571699
18887172
18400085
13638020
19035609
4666058
152328
22504489
133203
5995900
42172
21445
599957
7493
666758
156926
918866
6949048
267667
5958783
114475
593152
712665
6916961
891813
7373274
11262477
73064
129613
129308
319964
159320
633446
319976
418285
24334
2211221
8563824
16126596
4515
21521348
21456940
823189
111402
397872
17834904
1879904
1317696
141433
141452
552669
133906
6693415
289670
536386
3004139
3291
376641
58962
138165
39933
2174010
40483
774061
65484
8456776
6186355
10394348
8125737
671844
419916
620729
