139820
359677
6613398
9563972
41701
1690088
1960570
6338778
3026129
459984
37587
1000171
2610426
1796726
5278069
1695356
2670656
9937948
9720853
278198
10042039
5290503
1036746
49607
8507286
8134092
675931
3316103
21188
656876
7482
174407
38030
29896
27055
5421978
377898
1799478
2914005
6687602
6261078
935055
10415997
575405
1855100
1200976
47907
5989586
843588
9512909
142529
2574805
553907
9761911
6631700
6371432
8270466
78131
10706629
2606124
2314553
3090716
1961516
218453
7530
2989254
393841
565335
156867
3130076
834638
7549146
10043433
7815775
7148931
503490
8621850
2494295
9567095
28305
175395
7125012
8125720
383143
6520659
10052622
236974
5332742
431791
6270483
9753960
482988
1663
302546
916652
6854690
10255180
7924836
1366182
11466078
