20505830
23961529
12352541
17202329
17826082
22608127
25717713
27239472
24888562
16093933
9335032
8385294
12005234
13601853
2243611
10697608
12592685
18680106
22593010
693238
18920603
18803442
20646690
123667
27250025
10834872
18393
23793335
476009
25512688
258915
27869931
2930299
14487872
44856
20759755
23827762
23492741
2407534
25118397
23505601
22011034
22598975
21920615
9579882
21546135
27224314
28255122
25935780
18602075
20501122
23871021
21945460
1850100
23433810
8506422
86312
1592908
26854129
232047
8176885
9018
22372242
23697916
852766
338234
18841979
12700790
4128760
134225
4836504
17234935
28094360
62034
20833988
1416652
2603098
25223115
17724864
124312
24885710
13155430
2865091
10229572
126769
26365013
918725
25519820
13612784
20446082
110077
27863883
977120
24737589
25992990
119945
414062
10377982
11168429
7607918
