3196021
19447
87992
6297286
1480082
132376
19580
102132
614467
2760362
2727169
1460064
369030
118824
359757
1114379
298419
813710
700262
944213
60971
1112516
52782
1100282
1164589
19298
1330492
153197
2650688
598495
3412334
6498268
1153485
6145714
4714565
880409
3010034
116297
8456389
7663384
160629
799691
45119
5980748
6514109
128436
826564
382865
213367
1598040
2427
8649380
750693
282240
230213
405552
1397679
8488936
2584942
7090484
1319311
730250
9568262
6052385
1671768
1425672
6007953
2333
299085
2760915
639833
6139012
935618
8998651
3420140
7890530
397956
150473
31384
1926498
9955231
1374111
739424
101887
298019
16556
115306
6537332
5280587
2064078
6113697
744834
204479
105571
5289303
3556730
219570
4467968
8076411
5973099
