13477681
10950666
7989582
17346298
853201
13564809
146966
16090636
13480421
17618215
12972654
125991
7876746
34605
6365973
3187154
17250984
17828257
177395
2646383
16045203
1707116
1793400
944516
297486
1698383
11968600
7075305
17181721
5998379
12137
10194494
1696447
17560117
31071
13414984
17948902
312081
18084697
285011
381717
15766836
129793
1169443
8573409
5811515
357464
7569223
1587830
9960624
16124145
18148889
400812
17999265
343549
467164
189296
18276511
174751
11557982
6533996
9422270
1836998
1369468
10757806
2686005
13559814
17448004
17842627
136989
13540725
8262403
240726
1577329
6764231
54814
10870680
74882
13508567
20758567
18307792
17406586
952901
20922254
18625054
8460544
2634030
18513760
16111595
15778385
19358567
20927106
18051013
18956250
85730
5996317
17334146
18002761
12012761
6327989
