869906
781124
1247213
6064646
13498999
112507
2054504
7021
169005
670686
509858
13242304
65714
3614157
13457423
386887
20414715
16158611
16166080
18249281
6318238
13517617
22848535
1477299
820344
11149
9692831
136218
859807
35038
1060520
1832894
147222
3430897
250949
1473
341027
158217
6113349
90591
32428
88873
378518
7024
54847
1134254
6342483
247998
631146
11850834
15990489
1795542
4676249
168487
2037310
9692832
13578
7339
2258651
227751
229029
296384
33727
45110
18032
5957044
2071575
28735
13208
346272
11198480
1062516
6839917
6973771
827612
31981
289763
289805
289764
10812803
9738582
722367
2426848
6480073
49251
18131118
1519478
1527413
18111770
20821284
92625
1234272
12881
22341
613218
2258652
26722
77477
6324492
283310
