71706
374518
22718759
17727104
11379777
2021539
2239786
5975578
13369227
13516647
18776694
20806095
15749382
7662771
19195980
25997563
19407632
17311453
6314671
23173009
12966074
22364474
7720086
695603
18667780
14781178
1318
27042604
9602510
1347765
6438404
13589153
26808297
1094343
16115078
12660205
469484
17974205
6405459
25146347
18850011
818123
18585999
536387
26827731
18171039
7198813
1715323
18107435
18905059
7443604
68187
22708867
8515176
25783023
25246762
822847
1470920
5607787
22494969
905893
10338691
16172256
24952504
26026828
3326146
1165534
1178822
24904015
22663515
15863534
22934470
68365
18933731
25318833
29689347
16036284
24450192
8649502
148775
16064703
29243363
7312385
231786
7071977
24535154
13570573
5778867
28925969
3243936
12930641
25861096
11773045
11125192
28180434
8949933
10277637
13587199
29633906
11154133
