5980869
1740282
278651
1110299
491230
409991
2516188
6408441
1533440
3160465
2834234
1658691
247091
5948554
11104728
148800
6467853
6791619
70509
2980509
551926
8427937
12112333
192977
189400
64023
42166
9583173
7436580
3449751
13107403
238463
7640126
438190
227920
8079815
6335685
394694
10637697
7054332
594076
50733
840163
240453
1846816
64492
13449260
84785
10113974
126024
428077
4310522
5404
1950018
13576195
971854
13583525
9031163
10374004
9491739
6065504
1154512
10844125
2821792
14955004
224379
107790
345592
61536
85384
7704943
835277
12510822
71023
137565
34493
3955077
238355
7845977
805295
71997
6885954
1222817
6439984
12911773
9213328
13402752
43961
13123833
995157
4935682
2443402
542011
6419292
2490879
2549937
13538906
256314
1734639
1477512
