171368
25717
7741369
771493
530905
7896141
977399
31366
2974893
6381988
16739
5986336
8180960
8104355
176896
3110969
54990
356728
580452
2276518
56961
205012
1163472
196550
8554593
1864679
1523438
6559144
1701815
170136
2502880
2554533
25207
6706969
8908409
139826
81050
9518460
6613399
363245
9536317
2082405
555253
2495967
1072833
796429
440520
741826
93220
6979554
9860074
132643
728447
1159958
2930911
2583110
390786
9700422
8824
2816931
617811
979766
421127
10014675
106924
30329
1544060
32434
3699512
420277
90840
625836
206857
34542
623366
7169459
809635
23549
382419
6395660
6268156
974195
2514258
7768184
6296341
9555234
25866
7652090
23617
3090715
1211405
1218077
7696504
9698893
6404356
9129549
675626
61985
8100267
1962363
