17213054
204779
17999567
59829
25155851
57854
8842
760025
313375
92718
28700
11426
293981
2983646
291548
5954846
421
7614747
61900
378366
73860
5981872
1105458
6952423
40806
9776116
64955
12620969
41337
7907782
13640229
202039
41038
17334068
15814872
17707648
53085
17660863
16279856
232459
95431
3079196
17905355
17208924
20821376
22021942
25687508
20424191
18392495
26070319
38230320
11446
11427
764165
402141
1184305
11387535
895163
36159
178911
3599532
10508431
253106
17449417
6413713
14759944
12088102
16059396
13601681
17745703
39801
354259
25358242
23267628
38201210
63689
215678
47776
10718
209690
62005
166580
93448
561291
3599149
6933152
28769
7959473
451220
1165759
68682
102908
271074
280847
16117368
16111679
15752417
10255156
16114861
209279
