765300
6653902
29776932
36030
24572160
13592926
1058708
948526
1511147
6040355
30750125
29385546
25524127
9106984
28862387
15845429
792162
34020169
13633766
36196689
35393686
1562
36371086
85925
332744
571194
98219
794094
1337933
323422
154655
71772
647699
3265294
41702
380558
18017
949206
9454543
61181
5116480
3831768
7295062
815158
6557014
62169
40923
9494258
8733231
9681
1122852
12027627
6593530
562991
339352
2216194
103658
129527
376922
57010
1385471
77362
29012
11623441
169012
9480333
7107343
2218284
111085
13498737
1492861
15791120
13185980
765370
6633226
14924653
661210
18189342
176844
16147044
2360207
48741
2547020
586451
8199591
27668
143124
568070
18513792
891081
305037
692763
17317908
6978039
807092
358834
1020951
14739756
18224118
653242
