42355
12701409
1302584
294549
1507452
16120643
13244988
109198
12286734
65488
7053
750456
3078922
6051589
748538
444315
16332
10812135
16035414
411992
104522
5582346
862018
346268
1205985
16003569
159709
3398
13321375
10309013
9303612
272791
17288352
1088471
20758751
7790906
80939
18782432
7974112
19068573
1747576
503156
123673
80156
64382
18590111
2976142
947706
6251222
2533958
269353
3988552
17861227
7690517
13582583
11483403
18714917
20984861
10367342
6533485
20324107
2272713
2454830
2253660
106584
16089105
254005
18516599
223380
1660236
3140592
13582635
22372018
989030
15791144
8552599
21859363
17305416
39402
15942603
18682615
18779043
244887
86455
763602
1387563
12588163
7455256
15790839
19476963
12016063
91483
1817308
23898878
13263220
25009763
576335
20949
18866087
138721
