6285903
8369681
319403
7831742
1171
6463822
1251125
81153
16791
616678
2750008
77903
18781466
51072
17733898
12158480
7502166
9791892
21849362
67522
17255435
18759345
48326
20441724
35642518
26835676
244812
13620
828482
130916
10908
547448
6122468
57658
11434
1016600
7095422
6483360
458450
222007
106133
99442
88387
7294912
156198
93788
220334
2268120
12882328
15713700
56594
6792458
12722
12148528
78989
10790276
113773
331653
121645
21523892
17801656
540489
827085
15801763
20312462
24931971
29760928
23848002
28954189
33784373
239840
109335
294081
127567
170171
51089
6657006
811192
1325218
6329322
1045757
6420319
758153
223182
13566041
12246929
330944
1162185
2634829
17296266
17287926
25193
15841901
13226217
513275
10596724
21873331
7981456
21422225
20561849
