435495
544595
763426
959614
2056879
1832906
413256
102114
823182
6421633
184997
31474
706476
112081
2288045
1114382
239823
15449
331010
805453
352985
24525
536302
268016
1442300
97800
77012
843162
1880336
6693402
72155
2747288
5983725
143889
1948985
37477
1529902
102239
880386
56301
1091815
54822
1471061
8528007
279524
915753
3979
5708234
84829
6055166
2039933
7932994
1202675
2050211
166794
85826
4079518
59417
149153
81049
1190034
6314529
4391475
29954
2918809
7553944
703055
1296964
540667
7405508
7890152
78392
1643889
363453
397225
4915352
2981718
6961797
1763725
5206342
543061
516784
1269548
6572846
9446471
2688737
6913778
228250
557265
197854
858859
8346300
2188220
6499681
24097
1605393
9242834
179594
231566
1981046
