17285526
67762
13259034
358547
21415754
22174357
20774576
1379444
7058268
15848274
12868904
5599692
921847
9278973
6597839
22609307
7691238
17334063
12988064
6545
24955849
828114
25121739
18618902
116731
18777128
18464127
186749
22043782
161037
7529033
327945
6877602
18513718
18739444
18950
7385602
23490943
16242171
3361531
1272835
1219611
17612868
1290878
6065266
18478208
12823835
4883478
23355069
23398862
18491963
28549365
12231253
14705
25469
10178025
28810776
25584847
5170850
6323110
171807
28358390
25787035
32194392
21045814
18930396
527314
25350194
16088363
25635807
28585208
494610
13498891
26845268
11137
311226
60177
570255
124918
292110
4068710
19170022
25794796
457025
20691201
35449844
35858102
26408982
13422626
35131974
1838020
2998756
31686623
24885537
201041
30967137
12928944
725249
1321148
636647
