17345314
25543022
379343
6666131
23372717
781627
17244558
13049002
2520921
8306725
18108765
23592287
11812565
16113757
22340372
9342533
23278600
25815771
18875842
13223
10216275
18089991
403459
27802696
20663766
20708773
18652812
359995
16622715
6427742
6924804
15725748
7812745
29749843
1795353
7926420
15826985
8525606
18188541
1852778
17907035
16207985
5937
32380215
7875812
21307056
8494123
4444860
421736
6581129
6043848
4303
19179552
17259169
27711378
110931
19448783
15818628
31184283
30748459
15803141
48456
6578961
403846
19186325
311178
35179725
1220159
32310165
15710893
34830964
452196
34466855
14060318
1007460
27422878
37539470
10782222
36926788
34732968
3118349
2100952
2133969
10438949
797329
77255
845977
906338
893195
3317772
2122741
198088
58677
586124
476496
980010
496123
575830
221432
362136
