95241
94667
251180
16219204
7200982
158277
998209
5205697
100834
809403
8849382
286131
6773503
10626639
13280482
8580616
9275067
423124
11352798
12846322
16098291
961949
12924307
17562672
19577
1011839
16111980
107318
7299756
3295855
15774058
6215420
13538348
17348772
1317
10358250
480846
388431
268559
11422916
100343
7507938
1850102
463
17829928
7983432
1069451
12985143
2663313
1081976
412969
9852877
10558077
599721
15847065
13625504
252464
15702313
17853463
228669
6916800
7556413
84077
12469002
9797936
7787252
28458
511613
17853106
1000783
7942534
17208764
17975383
7664735
18922
1165925
1378221
181401
16032344
259319
17934849
13347358
17830225
9484114
10586317
2750303
420474
17984047
15853240
4174529
1557369
12707296
67933
2879
11080437
13413649
15987008
8043282
18070142
10241239
