170641
74696
92325
5328535
17488
3920295
210482
6333229
448114
105612
331344
1071338
224538
25709
76718
110349
563310
289808
17381391
1142756
1142757
13239822
7904207
14813667
1711303
16069783
13642632
17617762
153496
8533018
3039234
17404452
10105930
97390
20564453
13628812
18812716
12926132
8262550
15161
12652457
18461986
58547
23168817
26369763
564758
18172465
13138736
147483
373049
776137
98645
71675
690816
62012
39303
289642
112079
606935
11441
2872
6721437
3559
333316
36086
659759
30257
2973738
1340445
38855
9545064
66279
119835
97964
97965
1070527
8428050
1717377
32351
7193616
351559
46674
12440865
67843
104262
539128
625559
246
136959
13049069
99742
6186505
631097
762821
539282
8501304
17333851
1102814
16275057
38747
