10165909
23633300
587688
20813789
20809067
24081265
7171561
23812072
22065160
1838816
6467361
17684327
22257091
7169578
23977334
6577516
18500148
17927463
21816737
2584614
15767244
23569178
18804857
22249765
22533460
20797153
12444
23771534
7495363
11316292
18388426
16094280
15851125
24874510
23432706
23614726
19820392
24078492
21818422
18600489
11804738
21416916
24455791
13351793
24343909
8256472
24182151
24475309
24481636
24497270
24424919
17250975
23441296
165861
1071726
22363713
14371070
7108725
23546739
11107129
24517524
24547109
477078
23911382
250165
3674269
22798877
42714
3242507
18571
24610957
17271168
535892
1089501
24640244
23585287
23960397
24421865
24638828
23395735
24780543
27220711
10872535
16074535
16401232
363046
6811241
199049
19286674
1863845
24851174
16158844
489972
2043575
13513080
6829241
19824385
8273470
23864830
18357651
