59881
1377861
27056
394724
2609933
102143
7196830
1343104
161651
2191066
137971
936699
2806521
987507
246279
7104164
6563
6649283
2921461
781844
4758668
2419069
805065
1668339
926206
970761
2703773
98807
9495552
11149465
1737993
573394
144258
1943670
1283986
16164246
163498
2497026
4450522
904812
3808606
20049500
6781555
15799221
24390080
22609323
753065
22839420
10673335
1567
8578027
6608696
664553
126747
22739972
6276596
10531920
24961109
25493
9751406
163
46270
19162613
6147309
19150445
7989800
26158906
28467898
1309579
18191814
285211
31823008
880729
23281177
20931089
563321
773915
33767
377870
154652
248290
116687
194758
1035645
12274
434420
256145
276877
2436307
399137
177077
4597394
153057
948297
8928004
233389
7680536
12348550
15980300
258
