583924
60471
550821
4656
16683
210918
31333
175244
125662
2372
13010211
2241978
16242085
90629
21796
17167042
1530097
319300
17698038
50807
332854
240297
29780253
174465
41918
11464
349504
153782
43808
395873
28694
114145
790319
1746470
29254
176839
437627
7180727
6000096
184324
357160
844051
5845
1430213
1864618
1567725
6940494
1092477
106076
10783217
165556
567616
216378
15752308
929783
18243828
17620964
36638
1335601
55990
75504
24494
79766
207798
7971
8099187
8058301
156956
9004758
50091
136636
13148921
17835773
14625625
7661
132464
16006945
25324111
20360301
62779
543164
3379051
1816825
782319
45709
180455
6224826
110386
1541884
6323474
8337087
13392925
495305
8112318
11198312
5354
17397495
89351
18809475
180648
