20311242
13574415
6257921
13575
91885
1977834
2258650
91802
189360
1122607
15173
123632
122967
828166
71870
6058551
9677666
5347
6327801
6533687
32694
4679473
103902
393060
8593027
12135086
21745
155206
22186
16059350
492486
347151
8572704
352179
6177429
12710096
9969857
102733
454600
7958389
25893582
26031279
908311
2252947
380364
322662
442793
71292
943903
149847
58872
344351
276480
1003725
61978
8462396
13588425
543495
6255949
208159
10222362
18053782
17835766
105703
2906039
9818767
22453035
151
14742629
13571
27512
1030285
770038
27737
33030
109512
206856
217436
85418
9959170
28282
57763
240910
6517357
444347
2049
16360
75143
825576
17334074
16281905
5578319
235127
9260518
129537
19263293
18930277
17165932
12119529
14841868
