6433341
9652143
11085158
2785725
11202715
7607561
18848851
14999965
217329
18371659
1225655
52878
277152
12343619
17334191
8462639
13091682
974122
6053868
18954196
21844889
20021
22466137
1147020
17883918
2295823
17258795
18461891
17184251
586992
31157
13752
20405475
12648636
15774718
1542681
22794054
12958042
17286816
11141699
1841669
24836862
7513514
22362119
6749335
209461
571942
7762715
455947
7187826
15790868
16044981
12606631
969275
22544024
16166103
18224293
23297931
129356
3358608
883079
23802916
9618041
58822
1795912
16064811
80566
18711364
23523012
17182499
23637878
13557232
18052851
769902
1367083
17707092
24221221
21003662
15856770
23411607
884295
23379259
3821896
18053082
23238155
13546400
26243075
19248602
13379126
25422262
18209268
7172765
4504046
77504
18403951
13528340
25361820
149877
17734938
12453199
