141270
13494562
12558686
237114
1824193
1092209
13060608
10157066
570668
6060069
15961145
12904677
7092017
2337398
17201095
469959
846493
2003722
61459
13434077
762053
11724858
13017337
2602455
2638786
9612470
1742094
125651
414056
1557367
922038
1404027
11356211
511206
9723976
2073853
17403017
129786
444330
3105906
392283
773549
12805115
18242263
13498508
12031726
16197019
4390
130312
113380
97294
11058400
17687577
12754689
1095194
386580
20758629
1182034
16059709
169885
516570
18786641
155238
20747892
17703283
7679
17979909
6734392
11702088
17404760
11874662
15723625
5853401
12840
18192663
7586272
9429895
327
21810711
576379
10814
9015611
20033413
6116682
171471
16150996
16003322
9730082
8796792
17079699
16122560
9800277
416108
11072703
13542772
366914
6623279
15843641
1966358
18719277
