1433867
18112657
293951
18590968
7074259
20321703
18714697
1167033
18480026
6722482
16058721
13642753
12951695
20567999
13423346
17984141
11970747
10807928
5723653
22751611
207918
1118616
384221
17408601
16110552
21801701
18374102
15710849
6547259
23593610
13458816
776175
18295852
84463
24238873
20877902
22892122
17700404
215262
2671770
13415323
17707670
25909126
12015403
25935012
29658
23019022
17801134
18498569
24485954
23127048
29776603
29004052
29003857
17860739
13505635
603387
25163425
25733573
440638
548370
27406704
17162148
130119
29236380
34182067
25912206
1118668
26212359
17670710
3149348
35847912
33290383
644173
109326
872789
28660
399212
77789
882053
137446
1357195
224424
357173
11436
3250465
541920
763489
112080
160
89716
105999
34303
2350129
66692
328064
338131
381364
6397351
2781819
