900379
9523250
824508
10762697
9057190
10088219
2451604
9843424
88340
698034
5936731
1249931
7005479
6474550
10776592
10706934
27574
11544466
16170522
8213686
13839194
5988580
1804074
15808474
18487297
16111549
16305
12496
18667718
16075538
223666
141560
13638266
16054252
187117
18731338
841077
199854
102806
97010
18893988
16085481
16175040
109889
18215802
18071466
25623
17643
1688670
10353049
22074335
23637440
25067570
16145672
406849
18902634
25029915
13164526
23012877
12417793
20575411
9690276
4707
22294935
25430665
948072
24611623
32473957
19319788
29483166
22283878
227481
96334
407234
3094593
765811
5082616
60200
6048335
2164457
16176
3576176
9919
1329570
1488157
40271
4328472
691014
1241534
14009
7858034
645260
148208
523795
11657
7230309
7686654
389525
62812
176796
