3785646
266203
73449
17928420
25739345
22873629
1109962
6686671
42430
25185586
209176
11420998
26129485
17221418
14663202
19188859
27383717
43509
17932303
33299725
590645
1579805
77899
1057491
12651476
1121393
8493422
17347381
20426898
7920926
295198
28698036
18251
981674
31424202
32852494
11231500
266315
10867209
13330370
18692306
5965768
26458136
6377329
15714024
30986716
25106312
29780258
18070753
8548515
11738128
6668200
25139443
1542100
74023
25816447
6308108
7653482
2615
31652097
21806701
163597
59973
6536999
3068583
1309168
26008840
29215404
28588568
25454883
6307887
51652
245
91887
1275466
15836079
9875259
1509478
22917292
16092672
859500
29612335
34002973
884259
33832754
12788061
15705460
25083059
26891429
8539932
23611997
21488459
20729307
28116714
35642332
9923549
11529239
413678
13513248
26828404
