94299
3110
6657648
234072
1747896
142262
6465707
15790873
16033906
6957682
6480781
16186
25103
80760
6580970
368250
3392285
17491
415909
685391
2005841
2830067
20657
59825
106646
395851
2325390
60929
14257
13069681
19103097
445044
133497
9858517
8822
491944
10065348
682681
20761374
13360101
25769260
129671
625554
222093
5304
1738611
31101
207682
9439303
16315
13107666
641910
13105527
18134894
6452796
15677
776573
22522202
119216
84132
18798
17206
9277335
7668
40293
600349
174722
132778
159964
248623
13133
6541
84052
432
99245
2149388
6892166
17930773
152382
261444
23601385
29008738
12663
8001
38548
2218252
7704978
7801124
152402
12157365
16173427
18049084
420739
216196
117896
6838961
311165
7844725
12075886
7491418
