101399
9916282
11262
114135
497648
804742
1441722
11415233
9639859
526852
1605399
3093647
10791451
8782738
6621214
10419436
7231
4086725
7944608
337008
66675
7507889
86452
8089484
6309782
1835479
20582
9314304
21643924
4959384
9521859
881649
7790308
29922
1913599
169879
782178
10421550
8726184
10381135
2487131
744461
7602227
479650
9922078
1241571
6501392
41589
73188
6091609
10297152
7973350
233907
6406200
385544
12828506
50617
9461085
107799
139373
2226289
10439971
7684149
11429971
190344
3919080
664566
3294302
833550
213206
116367
2804962
1775733
10318844
588625
529582
1099085
52560
11344948
6049962
526672
1101665
738540
11671
11284808
5884279
12052534
9517449
6037286
13500402
879659
11482
13282921
76952
1083382
216537
13078860
1273062
7061696
251648
