10978
18870150
3344411
518982
6514074
54028
213395
36253
7027
19596
6586456
35465
10571
25735012
3321397
560929
354284
59821
93996
6219294
3830244
128109
125553
761849
4333469
104790
42929
564325
7284118
9260806
1928405
344199
1199174
9527985
8241088
257962
6569211
5936327
7380006
8999892
263919
7057397
11490059
11175530
6460814
971239
10138089
3044630
62976
12072969
5805956
9766063
12889647
12093000
6131767
8602864
13497142
13616989
6287286
9637428
8062894
13504041
15706108
13248799
1413068
16029550
157685
13416711
17155673
15826651
15719561
16520900
17210533
16149498
6436869
17157183
13498352
13144813
17406952
17339738
17949078
3263334
18008226
17354744
18158535
17334077
18229453
17190226
18193486
18171014
1212610
17296121
18397548
18136883
166562
7013431
18718606
18620524
10014677
13645896
