144791
17855756
27191166
25142924
29662945
3166194
4717491
3996887
381501
47763
474858
6749
439092
26582
307443
100065
2905450
1309943
47626
2014000
231083
13637470
13099738
12509045
653711
13557124
25294122
18829666
883438
32898313
31450852
252783
578644
80064
1865735
7531
5989059
43919
192954
2029927
9519912
80689
7826117
1104540
6346975
51660
16085614
29718
10277268
9816578
2376087
12935956
16113606
21393526
17661416
102113
18431
23200514
23363928
21469068
17162156
16133830
34593095
94669
211953
238968
266346
68099
19001
545761
6216670
18901
3827274
18884
32812
1128437
21337
2177563
5082599
97408
316496
60215
1681964
2067912
14889
6058
7417780
426825
17325147
16000044
12290008
12022079
47667
13188615
13576494
35430
23206497
782982
219879
20331482
