15825366
8082030
19455434
22719301
9298537
12368900
6115321
18847626
883196
165867
17213964
17017077
13511041
868198
122136
10638323
23174415
3761750
13630629
18871456
4332433
13581794
8230578
179436
6397935
12577683
23248185
7048787
23267501
16135176
23259483
8287510
15710492
17334773
17692997
9525559
96128
15749268
4103283
16168721
17227209
12058835
17312327
17824840
12522
681404
18069353
12038002
248074
8293872
18591715
16001302
18667942
13455542
22041098
20549003
80891
1881256
6298297
23431912
17164655
17410531
11998209
6531211
22466924
10282745
13568546
12513514
439982
23612467
8355296
8936442
538898
4078927
52101
17977697
13647884
17212972
21894440
15818155
6554925
1342830
18404285
21937380
13518112
8262268
17399338
48722
8114604
2867094
13096848
399260
17928184
23214408
656697
15801764
22300355
9888793
4428697
6650487
