15743078
79876
250026
50140
406186
10400575
1062375
65954
16124019
18221931
2924318
21414439
12331767
1303564
3424
790171
14565
9935444
590272
125523
659600
11043618
13170596
10637748
6581334
14241
469954
11999940
61661
277950
1421046
16178
2903736
6889348
6621143
721003
17166702
17910611
33455
2314315
11031
387061
778273
1632833
15704485
321566
13616
93722
3064985
125321
26114463
107821
35982
3700085
6750586
28481
9779094
16101023
11500217
35001887
223394
8686057
290628
8032112
11281852
298568
223838
125190
183586
8100422
94064
12926804
11553583
17292676
89354
293918
18089551
6642402
32692
678891
295651
294047
3153116
14345
4294292
13414676
8419428
63837
243601
6328
44688
4633
79121
19164
68146
271685
14082
112517
659388
11915
