34879912
2156347
8571419
18817056
28121630
12416375
34774263
33951242
22864861
18872437
30231190
13502330
29964043
10200182
29532225
29079300
31863495
34856134
29939239
16705
6327123
20797806
30720705
33380504
35125758
30157940
231721
29429955
287530
26124453
35165835
19438058
35132746
29810309
95626
15956697
32776116
35183394
34327331
28503870
77171
23532871
1240501
34925899
29370490
35168797
1289911
34776015
21270467
34845079
30242931
29358294
2954473
33308977
21142051
31170723
35226688
30197319
28449231
28956867
35445445
29939036
17694439
35454545
33835745
410389
21449526
9529
22958758
33143055
1344318
6215902
282108
3232394
25895524
506880
6371455
34646761
710519
18909647
22208279
29748925
6050182
35613634
1766100
23589444
27840432
25224652
8265067
13170021
35567637
1030207
30340276
26473868
10125238
26216087
17119440
22037141
35416003
35706684
