27402843
35223072
13449686
33543120
36213268
4417012
17476700
38078094
23001
225691
44310
763806
54620
83913
1137683
44380
1777371
51948
5124562
726877
1622155
6017906
790426
12104822
391959
290174
6633898
688685
1015310
127582
5125728
24675
458191
11666
9310680
20418
571398
92886
7719744
6365568
6286946
9204147
323170
19586
2174237
554770
7950962
729876
119250
8441504
537762
1962291
850390
7159619
866983
13167
6603893
6304911
127645
9446283
9584310
6353149
313262
2270
12925928
2626490
533779
2401794
306090
12717535
1268313
24611
602767
181271
383950
2010730
4820
2237784
10890808
4748644
129237
11525
13580660
3333484
922724
12033131
11437971
181430
165661
918853
7042951
10817086
1905755
357027
10822174
2435263
965170
106861
75082
165449
