18137036
97781
6366365
25194192
11671012
10863269
22017638
24300
29476744
18869985
4996
29429682
15698437
548260
254947
833427
12712121
18285782
23492927
64631
32990224
6413286
27391819
350693
16075962
11684657
26123233
31424089
30039826
32497595
16107364
523761
25307607
9269274
2501638
38671204
2069939
19155
7989500
792327
406341
416632
129644
2251262
294044
657034
1022411
750134
162938
30282
113326
495822
1153951
577754
5979498
24772
6862931
523930
850411
2319370
2519519
1565561
1608929
62168
1069114
6687173
6658573
1011451
9817513
12387704
16713
1103917
744981
27199
6781162
343448
220063
11290495
3918010
7876637
13422775
869068
8811401
81075
542494
11120
6593585
9466032
12473374
9817692
169001
12584442
15747422
1844690
12915451
403277
9503573
8552
350039
4878336
