10481268
187500
2768169
10799881
13361570
13547956
24814
20910157
38743281
126807
113138
33441
2279
1087204
99610
6539105
10911
231989
9214995
12962345
18816603
13621
37187
26050
103761
81903
66655
5413
17831614
15101
35036409
414298
1627
13056511
11395597
20563
18770398
15102
15177
321577
30122
18892
371787
6424184
8205669
2536
17733971
18943009
18681461
125926
21473305
5641414
9635657
194618
40173
16096514
961833
350710
528710
838768
6368611
7234801
105986
763508
15793231
6369447
13517455
13638131
11543195
13088498
172734
91357
153797
9454
7027735
80369
2094
710437
313256
801178
5355769
7717482
6691426
164006
177187
11286
9918128
7176578
776159
13415554
73297
188226
560535
1875
2897258
531989
7011225
9595650
16172634
20348781
