17875978
18210684
20317266
2378672
17999747
129510
641928
19578066
362145
1596788
18223628
18739024
3322992
20501051
3133562
16092141
13633498
15828645
17260659
16101138
339339
10414822
13633301
10168286
1191895
13409145
21896439
15726997
162308
912218
5854563
20643434
1037241
9491580
89612
3179891
4715963
17941816
53931
244100
1389703
18899620
371156
16565828
6177946
15793051
11334433
11660204
12323770
15757971
20319997
5974286
12987986
15952351
1738684
18154
21796912
4222676
9373152
8514779
3262139
18807786
12286
22877940
16156355
11693145
21394373
1545591
67647
14743629
12003802
22019590
17469361
12987179
21538656
22668749
20872449
1481376
275470
7348461
153462
18778808
15775189
18599901
1991683
981262
15714709
3960273
22550087
21846948
15808436
131797
1003985
15816412
18456598
15832845
10783349
752886
2029736
8734158
