291554
24096
105687
124718
376465
8068272
242201
7092507
887201
923404
11205804
292314
165818
7823600
300932
225343
3407345
41668
6146985
2505836
31352
5932370
11038
511684
5041503
950018
9622286
474687
44456
9553614
37338
142460
69006
4526759
33457
16119090
3418598
13145654
1999475
143999
16171461
21948661
18579859
9706200
16101018
12386931
16144868
1805208
20871425
22237681
91202
38703
16002136
3438447
21570318
22573856
23617559
18630542
15748545
894862
12727215
438353
29639736
36576608
36549981
42143
234489
3637
82405
1024724
297186
225385
68098
95660
727578
642914
1801066
57981
272752
713055
158778
4950
175246
478146
2327958
9682277
121792
6678884
1112404
106373
6349976
123768
44312
10714906
7937776
1312502
1030905
1870638
10337453
567667
