9275148
6472881
35921
184591
6406018
13380221
17402901
15777283
387348
22227607
8158992
16179216
2041234
20549288
16529
24277696
23002653
12700337
23365048
240236
4607907
49392
13124003
25654398
15844362
2174486
14781201
23264825
746673
18602406
17448097
69681
13613885
12941351
30542863
24323918
819073
28664920
36603432
537124
620688
239830
75643
50849
655601
1441484
2981807
39105
69935
315519
14428
18956
381355
308540
4951108
144792
874413
563782
2365730
1814
6304329
708549
9554
1169429
172258
353938
607466
398674
95144
30633
7332664
3482519
7041638
174329
10815267
8857585
112098
98049
64923
183683
14289042
28377
565595
7537072
13549677
12408149
13037
1822182
13170035
124524
646195
31837
972533
14635888
8942063
13359067
26348
426775
15559
7429046
