1958493
13503077
1263679
6398972
515475
10901247
107469
12389611
10866259
15782252
384662
6453307
25319
15746753
168350
6325293
7889691
6283599
1127035
295687
224971
554380
359822
1186202
293486
11779
2344604
17131604
1169557
15774754
7857695
331690
17208265
5686
2584045
1824218
2281052
536451
3661373
1152855
333103
17738126
9641078
2205263
7508350
1777198
1006065
301819
2477825
17380432
13541386
426934
13432288
17238107
2102468
13099658
14739760
17706483
13625388
3177784
15780713
16120536
34871
10876570
5240
17335450
6625698
1763597
13132620
2314849
1201864
6976104
13627782
17340908
8728427
17829889
119333
3236960
6676685
1527950
8702912
8753176
2454828
5989637
189428
123765
1161359
17874253
17791633
4785987
93793
9511309
12987977
17570691
227280
14058669
12560567
18275890
1871092
6693012
