12349
97501
11079823
299795
8918253
682
19797
176702
10067884
15700312
107771
291179
882577
13506171
1366132
3468711
150723
985692
19687
1042568
137562
37739
6361692
189938
465870
8528702
8738884
9409250
143514
199263
376894
525010
2092284
12517672
397861
13316309
477209
14061915
6326486
552966
2159007
3170803
3637735
692674
15793036
1183352
758675
468070
1890387
11858166
6754732
12157403
13500015
3845888
471083
1435992
13556964
17567265
1909194
8624532
480864
12349999
3258891
614514
33052
1441579
712725
17188511
3722204
12847364
12759335
13096765
361284
762011
6092681
16067756
13445387
15761365
16047541
6057435
2257949
360019
125541
2242564
141859
1462255
9609248
1372196
17452526
11955814
13623814
18392905
9655723
129792
2916546
18044954
2452383
6545036
18040817
13154628
