13258121
140099
18667437
226162
17338675
22571758
22374443
312881
48131
16065736
748164
22089601
61354
714711
8639945
13637360
337537
16160701
16217670
98973
16101144
22717015
18760264
248322
18509683
3933510
18392459
124983
9571617
27259009
24784035
28319471
20257177
7599372
23002501
1838166
27139794
12913325
18051352
18664167
25901548
23290548
23156040
19405297
25489025
26128174
10803693
28132722
36302899
27220736
33151805
399136
870488
3060904
122126
994232
337132
28463
386347
77431
523151
6216433
142442
3297175
624672
51715
7493186
85855
3474905
13996
307079
10505
553243
508098
6764787
54804
5586327
4268
79088
86524
98218
1002539
9858504
944211
2114086
207802
11345170
1027982
32669
122986
263731
760924
8409257
9327053
246035
14996
13060609
18392
13414716
9077707
