18804249
17707499
714985
29240262
22296542
16130601
7694118
250353
138556
1653700
21085095
75745
18089921
28667674
25663892
25564665
13932
25209521
6114519
11735607
474634
15872
22886110
17557133
12042340
24954735
26259853
5115016
11502957
63818
119089
3487469
31327374
11129953
10472293
6393630
25853014
11323604
41360
5567195
759914
9469076
1330490
415804
10881366
13525945
13187692
22667408
8633268
216399
103273
18260385
2047408
17696662
20501682
30127570
13488875
17304282
19700815
32347766
32109
23568882
25062320
27221614
18599777
13236987
684508
298236
25097756
6105296
18295347
20518813
18193187
17259397
27027448
1829647
17706900
4459330
33628556
1002434
2495562
1046363
1099919
23253083
17347382
110265
887200
25429165
18693929
13573503
18112933
282363
21450756
6400699
25902535
178143
9058586
2161325
3389955
18632335
