1661390
51985
6070950
997846
14288998
53495
16176440
24820165
20658347
2012337
229201
143126
205218
66678
294861
7148787
13417946
10318247
2149385
13645690
47520
11721314
18136549
16056862
10401084
21839603
24477484
6483519
4511169
68772
286357
10114
7124475
65397
588369
343614
112749
587359
319790
69413
8928054
18149630
16059492
6646071
25362018
197457
108202
6768411
568454
410127
6641799
11746513
112292
289787
16119044
10710505
18718218
20649134
17934530
920330
22841994
225383
56829
431221
3224378
156222
7823524
10506
4652
16043804
23711387
16113
16180
493123
216408
176711
8719
1812595
9758788
9598
11869272
8113512
17831619
99894
169756
140138
85459
611298
28417
682596
165446
1429082
129618
22447220
25711641
66559
28587957
7909
400723
16789
