10661827
25394434
9307699
32509817
35451321
88179
37541160
12408362
7687657
30182732
13421745
20423968
16122237
37811475
104739
12697041
22
4434485
38712553
50937
209730
385120
32186960
22361144
6617625
33238539
788421
667985
909011
150749
416655
968250
1696187
6098211
659399
29011
100786
3078550
620642
2581254
344308
608412
8509
14463
814108
6071069
180930
1060540
6521238
100286
273083
1169619
28979
495908
270537
1495651
2700453
920217
225382
74271
77429
1857192
1247597
34309
1707791
109790
52384
5097515
133793
3078805
271261
6327230
106164
1960696
519048
150472
999730
24248
633276
99461
1456628
5083740
6526307
302702
9206526
873653
295665
153220
1564131
12535
6405363
6895179
6908180
847681
114183
114188
490979
398129
7228106
7375
