29579
58345
188572
228560
10959
2493
16735
29044
8755776
11297
44186
11857408
301082
4929
227443
9375
5113
122
1215032
9520360
19089
65605
37781
16068905
16793
14942
13536860
32542
10920
6334
21
5826
14905
4374400
7733
19288043
3153910
48855
47281
18710190
646462
7588
3685
9275658
6327
310259
8921
5805
6304335
42899
12127750
5148
45978
43615
391729
43035
15745753
46799
7082
2213661
77013
52357
45032
5526
84981
3985
17150
60748
7791997
2248573
6400090
5358
11713
12578077
14836
22232
15195
67896
629
76778
228665
7260188
6952
130440
2184798
16631
251688
2932
15645
18122
3975774
15507958
11590
5364
30597
10429045
13152
22463
5211
12220
