377895
23673365
32195234
6603103
140090
22449786
14992227
663987
124920
3940051
408290
17293784
120253
13815
12032155
77040
75715
153530
23473284
34935946
4590793
72230
15719940
5989977
2119375
5966616
148422
451063
488682
1453280
13066
245831
77208
588326
1320170
15167
1474141
9265069
482583
203795
8315872
68838
32824
3430898
288766
6940527
3185276
7080340
235186
102459
13548142
855704
69802
163465
6609588
325022
53859
58747
1078408
17191603
247369
37450
458624
1620912
56884
236357
18493737
12881550
1846479
8666090
18740603
10841289
1440075
18756982
7694627
1285413
11732634
921823
12609281
24579996
7133770
22601568
20823218
13406959
1417044
7651652
688986
513367
5868300
24130652
17262303
11261730
356525
13451
1695654
444328
25026162
29512616
208705
876360
