13131108
28176378
11430661
22467784
26802894
25774272
25786523
25682803
25977218
29802996
8125853
7694096
12416934
22298833
15995451
12405422
23783904
13586310
6582496
16567799
25085828
9827912
21469136
20644999
7181829
5602347
23866545
28939912
800388
23352218
29564884
27252420
6018080
30014696
9596829
17280701
939870
10518148
5099602
30350451
17288268
6416190
30365170
26206590
1011086
17281930
27271329
6287951
27973757
514771
13418820
22750385
18306723
27434295
9936690
23353422
81884
27420590
4734436
17908309
21901112
21469109
15828589
352727
24490481
30530552
11741831
17761049
30044143
3263868
23665404
1422368
5590168
30839886
18995806
26154406
12550154
16114047
29910050
1188502
30981462
23346719
30139794
8257256
28932518
5817571
331562
17208296
18524112
30370748
22032328
25224382
29561669
31197289
27206534
31223816
17302559
30270371
26814260
27416068
