140278
9800343
838917
1296353
121648
17665083
17380041
17793815
11725779
97001
82443
9670094
16073738
93802
21795430
18077816
125432
10182711
68498
12969
3020046
120526
142292
23217
493790
145307
134017
16451
238460
112286
184854
858313
2274683
374360
7163862
7352053
13423535
13560262
19308
2777584
24910
23885
16275085
12958037
392786
18279145
232109
13638268
3040
12414976
25912332
9640038
486550
2191970
760961
93453
1373792
12738
1886722
1099757
70101
2302650
56030
20082
281350
280277
216185
27530
593151
263176
90416
12334
3145113
7968243
10049966
150131
8131227
3100092
10835316
12848580
11230
2544797
3873328
1553885
13316241
127335
16304482
16301111
10397956
91249
13494365
18123583
1160780
16166074
110397
18003161
18163646
25363917
23209927
573142
