6386792
16154376
6505012
4672074
8836003
16123515
6304929
656047
49231
13824169
23910
506127
8246566
49461
8679438
160109
9394189
147569
11515298
546443
13330603
12078346
13629830
7137826
16003134
2097938
13280044
93376
13537898
17238125
45786
7051716
2947877
174057
1051071
354
11289729
7173435
359821
8558857
6609626
12832043
16065550
3009998
16112809
13696
322274
12015809
477728
2830877
4312567
1474687
959314
286792
1366856
106130
12693556
16033880
6376720
53009
1824219
657382
17306084
9550264
9708616
13136581
9484900
1587362
17376994
6449903
3397706
13449269
2511677
163608
13825165
17283753
651132
4863341
5630235
1892318
8273915
13416769
17336458
17734262
28459
1395362
66470
307830
824078
16130753
539363
17668276
543477
526550
15791131
12885815
17436944
13722526
17280934
746520
