27865362
27868116
33509
23480520
22092261
3354633
24551907
8730668
8717952
3092524
25371839
127970
8491983
7683565
17572474
15833977
20893323
1740200
357734
13083008
5968988
22887477
27230789
17364019
25933717
22716470
1430426
25104688
210090
17279456
246644
28650500
289455
26113696
23611985
22445986
22663352
498608
35648536
6011972
17233742
12405439
6365216
32313894
750249
24485939
16052709
2523207
6713625
23307998
576755
30130910
34234731
8258519
216400
28558508
32195895
18659623
26530317
34800703
34840481
28092883
716780
3036440
71730
17231692
11289676
2069497
30736379
3671722
36415649
29757622
35219579
36195707
15852556
11517416
13573427
23172825
6545608
7239571
22045610
17331923
28765185
7960053
29102869
80483
34001659
26200068
8174950
67930
33931080
35747029
29794502
23521806
23128990
8306857
13602191
23592329
23478305
84352
