15946117
18605383
17667464
28251377
20894023
1038968
2242385
26103311
28393353
23349260
31752057
140096
2761626
2060482
233633
12456737
34467196
26166765
12098337
36194570
18401735
9671564
6419860
774846
565356
875035
7785
945833
447629
336095
6693015
49458
234336
134025
619393
40465
414402
466460
8932593
581165
44236
1335611
4703259
415032
1139713
644990
102958
32838
1103876
4703553
277207
10837966
760599
7330453
102462
8679140
390085
662143
11350082
77490
16249401
67354
64485
9544109
43251
176804
58764
17385264
4904466
142973
18493727
11290671
17406142
19005883
18813108
139620
20714091
22504482
365016
7303068
17794535
1165646
17754895
22551886
11052045
19271017
90574
24129051
7456034
11486837
3031736
7011988
11903
183658
24042913
208728
987302
10452053
18523918
9491671
