2253258
124853
17833808
17162437
13120076
6348864
6509099
1836143
10560791
10227185
19297208
13493852
11611689
6641640
13599291
10407213
5632318
18481773
1553928
16000963
13498
17981453
13413686
1243240
9331081
18583137
1384596
1485911
16000996
13165171
3292665
580905
6272048
7976897
20758493
48841
16299700
19272774
16068797
13262061
372092
13037689
17612258
19258731
9003982
17925639
876843
20317262
13436384
219545
1009140
20888431
12069434
19862263
17137673
52258
13602393
20529909
35125
17412099
7192385
3831344
113387
11538073
20253
256506
10652379
13497756
15750610
962671
16037779
167530
18642552
18662771
8139160
2330827
10278211
1533417
246262
21430091
348187
85854
31490
18717917
20560219
20976263
662961
291551
4882340
17843555
7958702
1005680
209576
983546
317081
6548470
1421759
3451949
6316205
11276293
