1123827
19226636
22172055
918645
5758016
16170621
133830
323328
16003843
17874069
16240980
20262036
13414594
21848119
7301673
1511158
17731118
13556450
7556893
9682235
2442529
497834
20640618
11221285
18141171
18188651
20774307
18191952
18169955
17937445
216420
195144
13513136
9896522
18668056
687314
22707677
7027412
19307664
12096714
13589131
22727454
2650685
18134178
18189044
11572026
17833717
809294
411199
413085
7433592
21536711
17226437
15831624
50381
14743247
3258597
122138
22182961
18734992
20819208
22365433
12040782
22963655
9795263
16152890
23270305
12472085
19481739
23285908
1395714
2054513
12577643
15746101
23166681
22246225
17412895
23245312
22813724
21432436
1503057
20552801
242793
18363728
11617031
6238944
13606971
23236763
21446326
5978522
10315529
22742420
10834766
17714301
17656749
19199460
21567223
18311425
13496093
10783094
