1433750
7948881
89792
3757
1970527
497817
6856
780072
240950
12064495
12165
276491
169794
6091061
1359071
1017303
644583
15773536
6473157
1235403
12469214
8431746
4617762
1446826
7035671
53611
989140
1131655
970849
842130
10212178
188897
279033
625151
1412302
8187291
9982591
15746781
972879
10387810
7355137
24044
1906987
11378689
7824468
6088374
678076
322617
6342602
238251
568034
1052337
836746
78874
12325907
15703605
11943382
77489
11422554
6533131
11982396
1993801
11480837
7720207
463657
9642279
13513638
2025150
5834917
6909447
906340
862020
17982508
2593435
1450056
17739407
1182813
4494917
8538301
6114317
12369685
13185168
305689
20758729
12682801
18589671
661283
18782475
289729
14059751
2556894
13575605
196924
737473
868709
484110
18004471
84553
7747168
138461
