13221024
117904
4338
17859033
93750
3672334
7863163
6614242
1284050
705241
1118206
32849
1258027
366579
726458
133767
6383937
28426
130810
1377643
128518
539933
319205
10907
7023554
52367
12659
139421
5894600
12076070
7123240
263082
857213
13438524
525678
114128
11258571
325421
11382317
11970096
29812827
822991
30652372
13577
138452
1586905
11662
2306910
143730
911579
18865
7044445
51790
7841670
702568
3798707
12866441
5960207
45241
1017971
16141786
3064278
15825932
289737
16119079
238127
4858915
1243539
17735
14707
4455573
158736
9717320
46911
254324
177230
295406
709734
688826
228128
534589
843989
5554803
12764
3717
6382055
9957
11684505
11547851
7144235
13406413
17987085
28425
714571
10184403
154869
380017
13642950
21874813
17118899
