23249649
27160533
28690762
11300479
7549393
15770945
560932
20833224
17729961
25568286
9304969
1306847
15753977
24375711
5169728
16004711
4513
12712964
13702224
2979443
7465824
29223476
19438067
2215861
23209924
13642528
24968
25911238
26857520
64639
8725222
22523971
16095100
22461
22666173
17982283
59668
16194782
655
18879990
15801120
21083784
13164884
6639769
27539
29997841
12353560
1634797
1331221
46002
830899
595415
11405746
8553297
13381357
685379
18219
531792
6021286
23620699
26858793
7011645
17611250
18713173
27819474
6564075
78945
18073816
12729766
16097364
33299976
7006095
18655516
499118
11413921
5442108
22798521
18666181
140524
1844204
51138
294967
24453109
22546531
25383940
8131775
12994361
15803758
6613920
5147759
16297978
9242200
6464188
25167898
602398
25907148
470684
30364656
18937286
182826
