752993
1328944
10092824
11556
22675474
3901371
18114543
10048815
18103807
6482796
27997243
20773985
11409243
20759623
312344
353503
24904005
23593209
169827
10594356
557214
1168440
6320205
17777989
11100298
18478285
18209791
18723460
17262384
7882288
9799363
2127589
17470499
9408584
30253580
288453
56396
6591581
25363234
10267747
15803173
15731338
24623240
15793660
23010437
15822123
28575862
26876300
9942201
12333104
1291958
6639756
13356649
31678056
18505815
10198374
193020
26047391
777260
534489
13699805
11424194
23516791
25043683
7909938
25674390
32078335
9866451
17900008
671164
11103987
30836204
28588435
143123
32313623
1140447
6682178
22852915
243117
1711387
18806240
11298554
21953896
73727
9601757
25097777
29343496
25033992
18074396
8163541
7741542
33628401
25219497
417344
65213
29411748
22469201
12859425
22504935
6775682
