23566909
23149128
18187013
110795
31340
6933876
18750
6333188
94813
2068
11418574
41335
1169859
261689
15721334
6878217
17668473
10836813
15867183
20643052
18161523
89187
37242713
96063
32226
112322
1877062
5999242
41913
296182
105760
384457
8603765
151723
103345
4279056
13554713
6516450
15817952
13421072
18665033
21469060
14759651
1555398
22443261
14050
25558608
13722513
93768
53325
58890
289601
19469
303455
53101
316445
2137
61665
732482
262731
12638953
25104
76679
9868970
40995
11715276
18232495
8745
82965
777211
30072
13246997
4452257
12969560
8329766
17729712
21412673
6547258
20983366
929
13622
39242
97862
7999
918095
378414
13515095
1610600
16117804
13615701
80081
17447588
18138755
18075234
23604559
250729
91571
5303373
389763
198581
