2321839
13548107
1914652
22847526
3688238
20764548
18166750
18869136
15783617
7772781
6719853
200884
511259
20693300
62540
6327353
9666607
836924
137547
17200654
1142234
12310325
307641
142214
521122
19275709
22845811
16101098
1850278
118812
6480725
13392814
15779092
186226
8108485
99955
95826
26995
17350505
25700986
10626764
1669071
25932537
222659
2119791
13752934
1319125
18950867
954936
2166515
27274343
9978196
827610
12709026
12406076
20892444
28821506
17264479
69940
28020254
11784830
31538647
17286694
34660
311126
358488
2060221
28549378
3225253
460120
31574982
33357682
23363885
16065633
15845438
1582506
30265223
1838167
35341537
5441708
37494592
884587
715287
89839
1008288
6163232
794105
1262673
994608
71774
871600
13206
4621514
3755222
76765
201146
6123500
106888
149512
8340846
