16111930
341992
16114949
11428619
9242236
14459126
12541491
13496299
15885903
10287581
13138028
74315
435448
480231
15852670
14578857
16054376
1144121
16050835
16090309
16135463
13576438
16139983
6076379
3416530
15825153
16139085
10593071
862873
405510
15035746
15980748
13364681
16167541
95382
16146296
12170410
16036257
15847558
2498049
448275
4041119
7832334
6405181
16031091
520286
7056921
16035643
16076787
16148
16082357
16213225
15725708
16282214
16210820
8070004
1108888
394027
11819303
13260238
1488085
16050504
16067631
123853
16218406
3454581
1840887
320778
15711196
1769758
8980149
16118030
16059689
8616426
8437420
16173593
11455111
17131214
7650671
11524833
578949
13235427
563943
524338
7137645
7099779
28721
1410403
17036579
17125217
11575620
17164521
17160913
16143648
17210807
11838483
308060
12873065
355620
8376729
