19273257
34591718
28116133
121813
23121084
17333322
11004726
46064
42701
1812454
25684046
30956412
113348
28231595
13098469
33516774
581552
10891889
34790382
10951851
4883204
36585457
3125836
16029682
7693839
36381037
170226
67890
25795314
15802822
320861
3858
9483974
38201080
32987582
7179261
35883046
8487752
29395568
15811495
27860802
34836596
20911660
36553261
1821147
667987
1857457
70581
3630
375352
411858
176402
82184
554437
8704
110076
2288424
1123897
210250
727406
14287
477779
117019
2161710
6357389
361396
126049
50881
107923
24150
382329
831635
76986
393473
6545136
1060541
143685
503248
820591
379143
36321
889464
707086
920218
6998403
225380
6922803
36192
112760
748194
2973943
1120064
10588
568116
271248
13079
243389
2515832
363336
27310
