7707538
13412033
13822
16599
4201106
92769
92762
825377
9619
1241365
563308
13432620
13584400
15767996
13409405
182464
226113
29393
148875
69510
13588356
146104
7552700
4785973
16005363
1070554
103408
17436735
7433963
1327609
47587
16065602
280352
200362
452198
12690572
17929102
326931
1531433
19275608
6618102
3287351
18846563
22383696
6794
29963453
18144590
16878
466354
874762
49741
239922
79275
276582
11140
1128670
828387
202292
209497
770051
5582295
420736
297815
195688
6939939
2729396
4071860
5517759
136179
501910
1839075
2507213
11372681
1724928
7926569
1640420
1333320
10082035
12901365
181255
5801741
11085413
372490
150236
91582
7954894
6202353
14333353
16335
2334538
16109121
221391
7316340
17898650
13413786
693016
464124
17930729
16155151
20895867
