37487
37737
7894
70287
46676
65910
56027
16059
228261
458995
6691280
29547
222525
54741
218677
1948904
407760
13572064
31171
13508217
8697584
87294
60179
243381
958814
15746882
12958049
19286623
17665263
850223
6450320
17571215
3722183
228067
228070
228068
95226
141354
88612
94290
442961
1156439
46349
76812
82549
112520
10331607
569346
229117
5048174
12891829
11995467
2281392
13408957
2011854
15817217
57778
13522
70582
305510
18515851
598117
18115061
13259270
1950067
50653
228071
313973
694997
4191
214579
278
396929
7315992
68452
2798263
86611
394856
7716140
3666363
511208
576087
15739863
9440448
1149440
12902757
17352874
585707
4806
26830230
23374331
18635622
228065
228062
685869
2399928
24526
349583
24875
1567544
