20793704
202130
10345642
6344424
2358931
21525988
17278540
362824
22555161
18168352
6609744
18809242
16288155
6015504
13483701
745308
12608185
1698268
2159700
7267188
1436901
54277
14233
17707673
1938802
23286649
3074767
302031
24127407
17883553
79016
23677988
15776672
5505098
9378699
17913129
25144676
9573401
28849
2453022
662639
21266675
17708622
12968400
9752191
231558
11417188
21761711
10355662
15795903
93799
33100029
8316723
19087495
32872961
2547974
6015060
124931
16130405
64680
13571644
25815868
15156012
77514
33543658
187208
17384523
1389743
7597816
29099873
860901
277260
164563
1305237
1848547
141036
190484
572385
427078
1912043
1323092
317499
78407
12899838
2255284
251752
224521
339031
126177
107485
71364
129523
10506714
7171453
797192
213577
91539
198175
238784
13543179
