68980
24809194
13572607
23978331
12685077
13333127
25700476
953199
9725419
2598854
26188624
19145369
684911
20420053
4133254
13626818
23237424
18085456
16204119
1600820
6043554
7600056
7706939
26009668
23669798
22909597
20758103
18982011
21911333
65151
522726
25923750
9499320
24702709
17257862
11395819
22468601
20646683
7967592
538860
26807917
2243610
104438
23399210
23124475
370353
17880171
22775126
13166686
26079978
20737459
17286747
209833
27804025
18395
22032765
22910141
20736462
13123724
18367641
1677312
317497
2644049
13166510
25015003
22698031
116256
11100788
20893053
66504
10800703
1303864
26859245
354258
2988980
27205036
6380015
15737855
17263383
486995
6439991
559984
5977846
13167157
9167283
25237546
13099945
1144682
13364906
22966099
1341454
22629933
18068100
13012054
508988
23341602
2181092
3263632
9697800
146926
