23440143
21911024
21856443
23245664
7556399
20342214
6520376
22806018
202924
815870
190396
22934219
1540890
6765675
46722
16040242
16077684
315894
3428818
451521
20570975
3371137
208493
10002866
1688677
23268552
23635862
17465447
437993
16147670
23841510
349562
20543348
14289567
17991040
20319366
22492879
13260586
5176884
23246963
19504319
18249406
17665185
17586459
24018203
22593314
13417349
154244
17452010
7051464
9969859
22849561
15822571
13410144
13449648
22625519
1789758
7268003
19397891
18134856
23577363
25030603
6334867
22041245
17450124
17264459
17605317
5198729
298472
15755751
22042627
65093
6326462
12138494
8530900
19862844
321982
65261
9955669
18249282
23705969
752875
16074492
16279698
806140
112518
622052
11213563
17656909
24641336
17987508
24939112
18693865
7889416
24235077
10429527
24766606
20581417
432162
13515101
