5994923
4601125
11999418
623822
12181883
94733
29023
65490
2787151
1080347
200974
18881907
11635834
7551838
181206
455930
8036652
12143200
108490
20758771
18193965
12825649
18715732
13486762
6150453
2524344
9774821
5797595
2834214
6931202
16147232
644416
21799356
47823
17317307
3302628
389881
6727757
15904801
13416962
7864971
22249640
20924711
672961
21946041
17673010
2651779
19266169
106588
21840306
346518
17788580
15755234
13633998
5825458
16156709
613385
439985
459820
18873617
19378357
17938354
10421919
10081055
1279956
22271
510029
9480176
12957012
6455548
964750
23898868
13034217
20742128
7936932
7417871
3128223
209809
11836518
18468370
1268716
22443909
25862832
21853687
17671096
1534528
19025951
20521902
7635759
7504179
22554784
13501974
10379376
23306129
24894959
1373490
19722286
6419614
2318244
25135327
