18492859
35811
12905462
16104022
12890
22237428
20932673
19358975
22724488
12884237
7985169
23197296
20980680
17331819
23601046
18464362
17973145
23704941
23719469
24397041
23909755
20404905
23346335
19000898
51078
3677
22447885
15732712
14748094
1856382
22318578
4595957
18803640
22609391
30290207
30237735
23308087
68093
231560
958452
7736327
767307
3490939
28725
28942
451944
16251
3828382
291112
701937
6624702
208174
420734
8428115
633270
542953
94062
6389257
9642278
50242
10640020
51933
782854
6693333
259598
6468337
9366879
11819672
17252101
680596
9867814
4001794
4392
13622863
257321
7802382
8229399
21411887
12114440
506638
17131869
17254466
22067320
526071
25007389
17409842
879215
17253180
56923
22740196
25507388
7112456
22896551
25812109
26892110
12139510
228069
40893
977445
533762
