17914858
200275
11913095
17933544
17935172
17910459
15860247
353761
13037558
15776687
17894965
17667587
17855801
17974854
244102
17557268
6135488
18039479
163363
8129464
1428175
948527
18043192
17336995
16074558
14921905
17183284
16125520
18052781
16301205
11633124
1565246
7645492
18089208
18003454
18052656
17372681
13617968
18060334
17982825
6574115
17662594
18001649
13002124
16185330
2008039
762732
18134565
7710150
690955
17969389
10827240
17862581
141495
17873881
16062807
17831200
7685281
77996
2588447
13419938
4620776
18166482
16155631
1557363
16751268
13354222
321353
16131056
10416071
17415934
18187186
18003556
13193855
13238691
16058646
15828001
17785991
11194664
13488198
17553977
16629691
76479
13607345
6100340
9724566
599782
18219356
18221899
4447323
15796469
18241419
17984619
5986094
16035496
17339105
3389592
18248823
17206278
10684386
