4989
37435
5470
7171637
2187
5
2623
24583
49552
16299
117833
70401
6310
113436
11588
4948
6900
1232
18373
9717
99561
1618
485894
6
186074
12296
119073
6339664
3431
22034
168642
256008
233093
1
5759
114345
38709
472331
1423
6656
4407
34268
355697
2802316
343
100915
11735983
3473
4502507
830502
9712
7126
3412
113946
37415
2282133
92303
19501
13
6867
7190
32929
236093
15881
7784
5996153
526787
1078
32261
2547
1622
402045
4900
7763
12067
71728
2120932
13023
378
1852
2175
28186
5060378
191139
10818853
2839
561456
18335634
7938275
18254
5907
1295
2696
338798
6186357
295
10799
7069
27712
58696
