143157
11736973
19548544
654
9277730
15829822
3017947
7972907
126496
17696042
857502
14915931
22003007
163979
8289147
16077037
2287191
17935971
17181905
9365567
16143323
22030490
17809497
8677448
10146815
8074202
18161417
17376157
115605
21894435
6021241
20359709
323944
2658042
1960034
13517978
8454515
569612
19252089
7346882
15810336
8539035
382901
23247358
1117037
201219
20512700
439984
19311653
23262732
2589417
2790570
15711844
6286319
6667916
17265176
651993
8732846
6411014
20490274
15994156
18338683
21897475
15808835
9252158
23412752
7505126
660458
3195533
17465470
18368514
26512
12493377
1114305
6164068
459386
7937744
10773376
18171853
23357188
17899664
3174768
13514659
6539596
23281946
24976823
21028751
128585
17289240
17833176
25380845
2058227
25883129
14780701
816918
8706730
72102
20744949
23583850
50468
