10169662
393601
6972157
369439
9537041
13282838
1906946
209889
5927595
274868
127953
23965
26474
14413557
12878300
16189172
101862
5954823
13421433
12555756
1481578
790192
17611261
16164966
15757694
17928641
9768204
9768203
15821931
13152194
15993071
13420145
70300
18713134
13162223
182521
6277410
94351
2848807
9786641
12617286
693447
21899705
18684615
182587
21816542
12488314
22725294
22202
20935171
22303684
9969688
24062434
8540357
12849385
301053
27853361
26721568
25664563
24833801
8737825
31815310
23006119
25311873
33260689
29939353
29762106
32830150
23664731
18003
820630
33413128
59282
34927828
36295291
307962
24618
129678
445126
7695
189182
196766
1967633
143226
31795
220331
6390031
1708780
14285
93426
147908
1192521
3741180
6494415
50781
7023148
165856
202650
133240
9924320
