6566308
25837992
25868907
25784008
20497429
630289
23870514
25888365
15832350
1845104
1056362
25845672
23204324
23650002
13594713
12998980
25758497
22665177
23146505
18806259
82761
24302116
23308960
24932626
22814408
874915
25999205
2689001
13508833
25901949
25059548
25878671
8479105
10187223
23527966
24862028
26025005
25113747
84726
18190084
20894087
26065589
25826846
25913044
9963606
13497505
22875082
23044108
26121811
612143
15709135
26144382
25155747
25495166
381421
24981611
13273327
17333794
6609769
22674105
25134433
18121278
26156773
18136725
18763135
26163864
26200622
25089665
18693742
22747247
26203460
25000920
26032872
24610981
22923404
965038
858526
19616957
23130126
9441277
26149540
18965316
15775344
23016317
4651219
712054
25139342
25358831
26370821
26458141
26208458
25806035
17835727
1813172
25692397
24962753
26539193
25689270
18819909
24807756
