18526170
19071127
16204653
1708541
18490071
4944389
16102159
20468388
14894653
18475844
19101576
59660
6963006
18530194
14303707
248086
20366962
13550089
20643214
16114124
20340808
18344945
17373746
7123161
18702030
18813193
18802141
7794447
20679880
20558001
3115453
7942008
18754110
18054480
18707788
19326359
19438912
18770284
1938237
12712914
11454877
17186280
2889212
396931
20536379
11296523
18658637
7148256
13815705
19334497
1559199
20507745
5974527
20541920
9112418
19261083
20773053
905049
441023
18583178
18401395
2308993
18305217
31086
20819565
20693377
20981513
1919382
16010305
21398535
20888461
20765308
890963
19513363
18782911
1238684
204792
18285893
20964885
6559244
6530808
21459728
9397733
17889738
15702593
19547873
3018318
20518655
20419632
21523308
18218495
3421589
2721469
296587
21465339
20747419
17924738
2067457
20875426
14910823
