16281004
15763784
10151228
217890
3133038
18217772
1117634
13615853
418621
416722
6379752
7507946
17409259
18281513
7959424
12384972
177938
246258
809428
116356
17905432
17568984
15804232
6079129
23300
17725556
4566521
15823461
7933377
4315013
480443
17204568
18337873
4388466
71653
13057447
2261584
13508378
6293922
10000191
121457
1146093
152931
12362559
17735326
18331335
7491882
18383137
16081836
16071790
11729483
18163180
1256185
6861156
18251073
6794736
355704
7014332
16173110
82199
9475091
240537
4213261
11968674
6955283
17166165
13568555
303948
957379
17372057
32856
16159648
112247
9305694
18135071
6716
7343231
167216
17376672
1451580
10327048
328469
17883157
16101135
6284107
11380935
872468
15793626
19162170
871761
3607394
2023060
6515858
109421
1070529
242757
505636
1977947
17317588
13551244
