15820072
22102072
20458845
7465712
22113811
21841630
22398187
13151637
22029055
22437126
22113407
11737310
18379946
22431318
15902792
20750500
326934
20534422
21130121
13514246
14622310
7968644
368405
22391669
3327504
21912861
18176666
18667769
6137055
8134469
22561642
16151341
18746598
13574710
274830
22468721
16058610
22605028
22240106
16130291
11803993
21793828
22525612
10237806
22020550
6745896
17234296
22608373
1763614
22628517
18589656
13418211
10005645
827681
18363243
15997862
22694444
11127604
17375790
5988850
22393715
14760527
87371
22525680
22741361
20706930
22702410
301753
20344686
16101597
17571569
20728720
12853426
15735090
22713513
22756194
22818179
22824553
22471386
18404289
1425895
6562748
22777486
18712257
22571670
22662570
22588031
5226968
22772589
22745986
22838084
22456030
18927957
21544828
21914545
21899425
19838895
22890967
22844768
125829
