35289
17156406
13539149
18039
7182
1557569
6177411
10830674
7164005
9397145
17707634
6659801
17209607
20892805
15748529
13418925
25025389
30102870
218573
296866
273891
164434
65474
470367
44360
3134684
16382
45343
5144752
321578
46917
764073
235117
6503161
70771
6048518
4495776
10713851
5186
114170
87976
9539767
107773
61538
6973753
19707
196417
13562049
6718801
18079675
35414
5061675
149789
18247324
1621010
319388
20433091
1629945
15786597
2964700
30617
21469090
17254035
489732
16045144
568047
129806
1612350
64666
55072
250824
18931
13374
68096
13943
264449
88880
753012
23931
103627
2029176
30671
437406
710187
1301154
24866
109307
92896
6043946
104571
1134023
117842
205368
212349
2974581
7062
1293991
6251012
272264
7685261
