10746542
49824
68591
17689
40200
31456
29056083
6547187
690866
77565
596259
17623975
205476
271199
9565548
144349
33555
9009637
5349
24813
509784
20560137
7285498
43782
6614960
38169
270804
6267237
97333
80890
455373
69571
11438
13326831
78418
77773
6006518
776407
1055617
1249630
3464
7201913
21969786
29090898
92364
15054
8788554
93575
92160
96358
11564
681552
5941033
28250
13615258
17029526
73385
138959
608216
160149
15724396
261331
9662386
40526
3086160
4659
2753843
20801439
13145
2161733
13612739
32585
35231
668
24780
1305
53925
18130
30263
17800
3754016
23529
2986865
12177850
32424
153780
112803
13836
1609451
3754026
17851885
17255265
27362503
234184
126609
45100
34553023
18864
2146957
1427
