20664992
18662420
16703873
20757657
3399370
13358016
39096
6507760
89365
18141785
18219495
1635496
18587171
12572995
15823426
15810878
18813006
6760780
17190935
20519516
6380842
9819894
208913
20836218
18785785
7955881
59851
91989
18631867
2135550
20906224
3634680
250964
15839322
16118972
18079492
17934520
8527790
2854462
17979809
13551039
18360387
4082807
18758062
18796130
181239
77735
2978264
19052235
17558090
15997156
18871297
15821325
13037526
785947
18821012
13249650
11866694
87265
18362193
154629
7980104
8257810
21539243
4246685
8786340
17981276
17342414
982250
20494506
7342071
72707
232708
135840
2233882
18065780
6708360
603260
1421769
17856000
1497534
359848
6765667
8253037
13120397
7827689
21899701
9489502
16130141
15810405
20635765
21939203
16052012
398152
19301650
22025733
18114057
11138998
18194358
21857790
